280.0 4.91e-20 0.6
281.0 4.86e-20 0.582
282.0 4.79e-20 0.563
283.0 4.71e-20 0.544
284.0 4.62e-20 0.526
285.0 4.54e-20 0.507
286.0 4.44e-20 0.489
287.0 4.36e-20 0.471
288.0 4.28e-20 0.453
289.0 4.15e-20 0.436
290.0 4.06e-20 0.419
291.0 3.95e-20 0.402
292.0 3.82e-20 0.385
293.0 3.71e-20 0.37
294.0 3.57e-20 0.354
295.0 3.42e-20 0.339
296.0 3.26e-20 0.324
297.0 3.11e-20 0.31
298.0 2.98e-20 0.296
299.0 2.82e-20 0.283
300.0 2.67e-20 0.27
301.0 2.58e-20 0.258
302.0 2.45e-20 0.246
303.0 2.3e-20 0.224
304.0 2.18e-20 0.195
305.0 2.05e-20 0.17
306.0 1.89e-20 0.147
307.0 1.75e-20 0.127
308.0 1.61e-20 0.111
309.0 1.49e-20 0.096
310.0 1.36e-20 0.084
311.0 1.24e-20 0.073
312.0 1.14e-20 0.064
313.0 1.06e-20 0.056
314.0 9.44e-21 0.05
315.0 8.37e-21 0.044
316.0 7.6e-21 0.039
317.0 6.84e-21 0.035
318.0 5.98e-21 0.031
319.0 5.23e-21 0.028
320.0 4.55e-21 0.025
321.0 4.11e-21 0.023
322.0 3.48e-21 0.021
323.0 2.94e-21 0.019
324.0 2.48e-21 0.017
325.0 2.1e-21 0.016
326.0 1.74e-21 0.014
327.0 1.41e-21 0.013
328.0 1.13e-21 0.012
329.0 9.13e-22 0.011
330.0 7.4e-22 0.01
331.0 5.86e-22 0.009
332.0 4.65e-22 0.009
333.0 3.75e-22 0.008
334.0 3.11e-22 0.007
335.0 2.48e-22 0.007
336.0 1.99e-22 0.006
337.0 1.62e-22 0.006
338.0 1.35e-22 0.005
339.0 1.13e-22 0.005
340.0 9.12e-23 0.005
341.0 7.29e-23 0.004
342.0 5.83e-23 0.004
343.0 4.94e-23 0.004
344.0 3.65e-23 0.004
345.0 3.01e-23 0.003
346.0 2.35e-23 0.003
347.0 1.58e-23 0.003
348.0 1.11e-23 0.003
349.0 1.07e-23 0.002
350.0 0.0 0.0
