282.0 8.4e-21 0.148
284.0 9.7e-21 0.133
286.0 1.08e-20 0.119
288.0 1.23e-20 0.107
290.0 1.46e-20 0.096
292.0 1.62e-20 0.086
294.0 1.8e-20 0.077
296.0 1.97e-20 0.069
298.0 2.18e-20 0.062
300.0 2.47e-20 0.055
302.0 2.7e-20 0.049
304.0 2.85e-20 0.044
306.0 3.09e-20 0.04
308.0 3.29e-20 0.036
310.0 3.59e-20 0.032
312.0 3.92e-20 0.028
314.0 4.15e-20 0.026
316.0 4.21e-20 0.023
318.0 4.47e-20 0.02
320.0 4.65e-20 0.018
322.0 5.08e-20 0.016
324.0 5.17e-20 0.015
326.0 5.34e-20 0.013
328.0 5.2e-20 0.012
330.0 5.31e-20 0.011
332.0 5.44e-20 0.009
334.0 5.8e-20 0.008
336.0 6.24e-20 0.008
338.0 5.46e-20 0.007
340.0 5.31e-20 0.006
342.0 5.1e-20 0.005
344.0 5.12e-20 0.005
346.0 5.3e-20 0.004
348.0 5.17e-20 0.004
350.0 5.94e-20 0.004
352.0 5.79e-20 0.003
354.0 4.18e-20 0.003
356.0 3.63e-20 0.003
358.0 3.28e-20 0.002
