290.0 1.82e-18 1
295.0 1.74e-18 1
300.0 1.56e-18 1
305.0 1.33e-18 1
310.0 1.1e-18 1
315.0 9.3e-19 1
320.0 7.89e-19 1
325.0 6.52e-19 1
330.0 5.41e-19 1
335.0 4.58e-19 1
340.0 3.78e-19 1
345.0 3.27e-19 1
350.0 2.76e-19 1
355.0 2.44e-19 1
360.0 2.09e-19 1
365.0 1.85e-19 1
370.0 1.55e-19 1
375.0 1.41e-19 1
380.0 1.2e-19 1
385.0 1.02e-19 1
390.0 9.03e-20 1
395.0 7.76e-20 1
400.0 6.05e-20 1
405.0 6.09e-20 1
410.0 4.31e-20 1
415.0 3.13e-20 1
420.0 3.01e-20 1
425.0 2.44e-20 1
430.0 1.89e-20 1
435.0 1.44e-20 1
440.0 8.21e-21 1
445.0 4.33e-21 1
450.0 2.74e-21 1
455.0 1.83e-21 1
460.0 9.13e-22 1
465.0 4.56e-22 1
470.0 0.0 1
