280.0 4.71e-20 0.996
282.5 4.575e-20 0.995
285.0 4.14e-20 0.994
287.5 3.695e-20 0.993
290.0 3.38e-20 0.991
292.5 3.155e-20 0.99
295.0 2.73e-20 0.988
297.5 2.195e-20 0.986
300.0 1.77e-20 0.984
302.5 1.5e-20 0.981
305.0 1.32e-20 0.978
307.5 1.155e-20 0.974
310.0 8.2e-21 0.97
312.5 5.8e-21 0.966
315.0 4.4e-21 0.961
317.5 3.7e-21 0.955
320.0 3.3e-21 0.949
322.5 3.1e-21 0.942
325.0 2.3e-21 0.934
327.5 1.95e-21 0.925
330.0 2e-21 0.916
332.5 2.05e-21 0.905
335.0 2.3e-21 0.894
337.5 2.7e-21 0.881
340.0 3e-21 0.868
342.5 3.6e-21 0.853
345.0 4.1e-21 0.838
347.5 4.85e-21 0.821
350.0 5.7e-21 0.803
352.5 6.65e-21 0.785
355.0 7.7e-21 0.765
357.5 8.9e-21 0.744
360.0 1.02e-20 0.723
362.5 1.225e-20 0.701
365.0 1.41e-20 0.678
367.5 1.615e-20 0.655
370.0 1.85e-20 0.631
372.5 2.06e-20 0.607
375.0 2.25e-20 0.582
377.5 2.455e-20 0.558
380.0 2.68e-20 0.534
382.5 2.995e-20 0.509
385.0 3.39e-20 0.476
387.5 3.745e-20 0.433
390.0 4.17e-20 0.394
392.5 4.515e-20 0.359
395.0 4.67e-20 0.328
397.5 4.87e-20 0.299
400.0 5.12e-20 0.274
402.5 5.32e-20 0.251
405.0 5.75e-20 0.23
407.5 6.365e-20 0.211
410.0 6.69e-20 0.194
412.5 7.04e-20 0.178
415.0 7.47e-20 0.164
417.5 7.565e-20 0.151
420.0 7.37e-20 0.14
422.5 7.245e-20 0.129
425.0 6.98e-20 0.119
427.5 6.5e-20 0.11
430.0 6.31e-20 0.102
432.5 6.705e-20 0.094
435.0 6.72e-20 0.088
437.5 6.41e-20 0.081
440.0 6.51e-20 0.076
442.5 7.11e-20 0.07
445.0 6.49e-20 0.065
447.5 5.22e-20 0.061
450.0 4.06e-20 0.057
452.5 2.925e-20 0.053
455.0 1.72e-20 0.049
457.5 9.95e-21 0.046
460.0 5.5e-21 0.043
462.5 3.2e-21 0.04
465.0 1.8e-21 0.038
467.5 1.1e-21 0.035
470.0 7e-22 0.033
472.5 0.0 0.031
