276.0 2.06e-18 1
277.0 2.28e-18 1
278.0 2.2e-18 1
279.0 1.7e-18 1
280.0 1.72e-18 1
281.0 2.1e-18 1
282.0 1.64e-18 1
283.0 1.74e-18 1
284.0 2.4e-18 1
285.0 1.54e-18 1
286.0 8.4e-19 1
287.0 5.6e-19 1
288.0 3.7e-19 1
289.0 2.4e-19 1
290.0 1.5e-19 1
291.0 1.2e-19 1
292.0 1e-19 1
293.0 8.7e-20 1
294.0 6.5e-20 1
295.0 5.9e-20 1
296.0 5.3e-20 1
297.0 4.9e-20 1
298.0 4.7e-20 1
299.0 4.7e-20 1
300.0 4.7e-20 1
301.0 4.9e-20 1
302.0 5.1e-20 1
303.0 5.5e-20 1
304.0 5.8e-20 1
305.0 6e-20 1
306.0 5.8e-20 1
307.0 5.3e-20 1
308.0 5.1e-20 1
309.0 4.9e-20 1
310.0 5.1e-20 1
311.0 5.6e-20 1
312.0 6e-20 1
313.0 6.6e-20 1
314.0 6.9e-20 1
315.0 7.1e-20 1
316.0 6.8e-20 1
317.0 6.3e-20 1
318.0 6.2e-20 1
319.0 5.8e-20 1
320.0 5.8e-20 1
321.0 6.3e-20 1
322.0 6.7e-20 1
323.0 7.2e-20 1
324.0 6.9e-20 1
325.0 7e-20 1
326.0 7.2e-20 1
327.0 8.2e-20 1
328.0 7.4e-20 1
329.0 6.7e-20 1
330.0 6.1e-20 1
331.0 5.8e-20 1
332.0 6.2e-20 1
333.0 6.2e-20 1
334.0 7.5e-20 1
335.0 7.5e-20 1
336.0 7.8e-20 1
337.0 7.2e-20 1
338.0 5.8e-20 1
339.0 5.8e-20 1
340.0 5.6e-20 1
341.0 5.6e-20 1
342.0 4.6e-20 1
343.0 4.1e-20 1
344.0 4.1e-20 1
345.0 3.7e-20 1
346.0 4.5e-20 1
347.0 5.2e-20 1
348.0 5.4e-20 1
349.0 7.1e-20 1
350.0 6.5e-20 1
351.0 5.2e-20 1
352.0 4.6e-20 1
353.0 3.4e-20 1
354.0 2.9e-20 1
355.0 3.1e-20 1
356.0 3e-20 1
357.0 3e-20 1
358.0 2.2e-20 1
359.0 1.9e-20 1
360.0 2.4e-20 1
361.0 2.3e-20 1
362.0 2.3e-20 1
363.0 2.6e-20 1
364.0 2.3e-20 1
365.0 2.4e-20 1
366.0 3.1e-20 1
367.0 1.6e-20 1
368.0 1.6e-20 1
375.0 0.0 1
