280.0 5.16e-20 1
281.0 5.21e-20 1
282.0 5.35e-20 1
283.0 5.57e-20 1
284.0 5.78e-20 1
285.0 5.86e-20 1
286.0 5.82e-20 1
287.0 5.72e-20 1
288.0 5.59e-20 1
289.0 5.52e-20 1
290.0 5.56e-20 1
291.0 5.68e-20 1
292.0 5.81e-20 1
293.0 5.88e-20 1
294.0 5.8e-20 1
295.0 5.57e-20 1
296.0 5.37e-20 1
297.0 5.16e-20 1
298.0 5.02e-20 1
299.0 5.02e-20 1
300.0 5.04e-20 1
301.0 5.09e-20 1
302.0 5.07e-20 1
303.0 4.94e-20 1
304.0 4.69e-20 1
305.0 4.32e-20 1
306.0 4.04e-20 1
307.0 3.81e-20 1
308.0 3.65e-20 1
309.0 3.62e-20 1
310.0 3.6e-20 1
311.0 3.53e-20 1
312.0 3.5e-20 1
313.0 3.32e-20 1
314.0 3.06e-20 1
315.0 2.77e-20 1
316.0 2.43e-20 1
317.0 2.18e-20 1
318.0 2e-20 1
319.0 1.864e-20 1
320.0 1.831e-20 1
321.0 1.777e-20 1
322.0 1.662e-20 1
323.0 1.577e-20 1
324.0 1.488e-20 1
325.0 1.3e-20 1
326.0 1.129e-20 1
327.0 9.96e-21 1
328.0 8.28e-21 1
329.0 6.85e-21 1
330.0 5.75e-21 1
331.0 4.94e-21 1
332.0 4.66e-21 1
333.0 4.3e-21 1
334.0 3.73e-21 1
335.0 3.25e-21 1
336.0 2.8e-21 1
337.0 2.3e-21 1
338.0 1.85e-21 1
339.0 1.66e-21 1
340.0 1.55e-21 1
341.0 1.19e-21 1
342.0 7.6e-22 1
343.0 4.5e-22 1
344.0 3.1e-22 1
345.0 2.5e-22 1
346.0 1.9e-22 1
347.0 1.6e-22 1
348.0 1.4e-22 1
349.0 1.3e-22 1
350.0 1e-22 1
351.0 8e-23 1
352.0 7e-23 1
353.0 5e-23 1
354.0 4e-23 1
355.0 2e-23 1
356.0 1e-23 1
357.0 1e-23 1
358.0 0.0 1
