294.0 5.8e-20 0.89
295.0 5.57e-20 0.885
296.0 5.37e-20 0.88
297.0 5.16e-20 0.875
298.0 5.02e-20 0.87
299.0 5.02e-20 0.865
300.0 5.04e-20 0.86
301.0 5.09e-20 0.855
302.0 5.07e-20 0.85
303.0 4.94e-20 0.818
304.0 4.69e-20 0.786
305.0 4.32e-20 0.755
306.0 4.04e-20 0.723
307.0 3.81e-20 0.691
308.0 3.65e-20 0.659
309.0 3.62e-20 0.627
310.0 3.6e-20 0.596
311.0 3.53e-20 0.564
312.0 3.5e-20 0.532
313.0 3.32e-20 0.5
314.0 3.06e-20 0.48
315.0 2.77e-20 0.46
316.0 2.43e-20 0.44
317.0 2.18e-20 0.42
318.0 2e-20 0.4
319.0 1.86e-20 0.38
320.0 1.83e-20 0.36
321.0 1.78e-20 0.34
322.0 1.66e-20 0.32
323.0 1.58e-20 0.3
324.0 1.49e-20 0.28
325.0 1.3e-20 0.26
326.0 1.13e-20 0.248
327.0 9.96e-21 0.236
328.0 8.28e-21 0.223
329.0 6.85e-21 0.211
330.0 5.75e-21 0.199
331.0 4.94e-21 0.187
332.0 4.66e-21 0.174
333.0 4.3e-21 0.162
334.0 3.73e-21 0.15
335.0 3.25e-21 0.133
336.0 2.8e-21 0.117
337.0 2.3e-21 0.1
338.0 1.85e-21 0.083
339.0 1.66e-21 0.067
340.0 1.55e-21 0.05
341.0 1.19e-21 0.033
342.0 7.6e-22 0.017
343.0 4.5e-22 0.0
