258.0 1.994e-20 0.42
262.0 2.44e-20 0.432
266.0 3.05e-20 0.462
270.0 3.42e-20 0.51
274.0 4.03e-20 0.582
278.0 4.19e-20 0.648
280.0 4.5e-20 0.68
281.0 4.69e-20 0.676
282.0 4.72e-20 0.672
283.0 4.75e-20 0.668
284.0 4.61e-20 0.664
285.0 4.49e-20 0.66
286.0 4.44e-20 0.652
287.0 4.59e-20 0.644
288.0 4.72e-20 0.636
289.0 4.77e-20 0.628
290.0 4.89e-20 0.62
291.0 4.78e-20 0.61
292.0 4.68e-20 0.6
293.0 4.53e-20 0.59
294.0 4.33e-20 0.58
295.0 4.27e-20 0.57
296.0 4.24e-20 0.556
297.0 4.38e-20 0.542
298.0 4.41e-20 0.528
299.0 4.26e-20 0.514
300.0 4.16e-20 0.5
301.0 3.99e-20 0.484
302.0 3.86e-20 0.468
303.0 3.72e-20 0.452
304.0 3.48e-20 0.436
305.0 3.42e-20 0.42
306.0 3.42e-20 0.4
307.0 3.36e-20 0.38
308.0 3.33e-20 0.36
309.0 3.14e-20 0.34
310.0 2.93e-20 0.32
311.0 2.76e-20 0.296
312.0 2.53e-20 0.272
313.0 2.47e-20 0.248
314.0 2.44e-20 0.224
315.0 2.2e-20 0.2
316.0 2.04e-20 0.18
317.0 2.07e-20 0.16
318.0 1.979e-20 0.14
319.0 1.874e-20 0.12
320.0 1.723e-20 0.1
321.0 1.484e-20 0.08
322.0 1.402e-20 0.07
323.0 1.244e-20 0.06
324.0 1.091e-20 0.05
325.0 1.136e-20 0.04
326.0 1.074e-20 0.034
327.0 8.58e-21 0.028
328.0 7.47e-21 0.022
329.0 7.07e-21 0.016
330.0 6.88e-21 0.01
331.0 5.88e-21 0.008
332.0 5.3e-21 0.006
333.0 3.98e-21 0.004
334.0 3.63e-21 0.002
335.0 3.5e-21 0.0
