210.0 3.12e-19 1
215.0 2.09e-19 1
220.0 1.54e-19 1
225.0 1.22e-19 1
230.0 9.62e-20 1
235.0 7.61e-20 1
240.0 6.05e-20 1
245.0 4.88e-20 1
250.0 3.98e-20 1
255.0 3.23e-20 1
260.0 2.56e-20 1
265.0 2.11e-20 1
270.0 1.7e-20 1
275.0 1.39e-20 1
280.0 1.09e-20 1
285.0 8.63e-21 1
290.0 6.91e-21 1
295.0 5.51e-21 1
300.0 4.13e-21 1
305.0 3.13e-21 1
310.0 2.39e-21 1
315.0 1.82e-21 1
320.0 1.37e-21 1
325.0 1.05e-21 1
330.0 7.9e-22 1
335.0 6.1e-22 1
340.0 4.7e-22 1
345.0 3.5e-22 1
350.0 2.7e-22 1
355.0 2.1e-22 1
360.0 1.6e-22 1
365.0 1.2e-22 1
370.0 0.0 1
