208.0 2.06e-19 1
210.0 1.31e-19 1
212.0 8.15e-20 1
214.0 4.93e-20 1
216.0 2.94e-20 1
218.0 1.72e-20 1
220.0 1e-20 1
222.0 6.4e-21 1
224.0 4.5e-21 1
226.0 3.9e-21 1
228.0 4.2e-21 1
230.0 5.3e-21 1
232.0 6.3e-21 1
234.0 7.9e-21 1
236.0 9.7e-21 1
238.0 1.15e-20 1
240.0 1.39e-20 1
242.0 1.63e-20 1
244.0 1.77e-20 1
246.0 2.25e-20 1
248.0 2.57e-20 1
250.0 2.94e-20 1
252.0 3.37e-20 1
254.0 3.76e-20 1
256.0 4.15e-20 1
258.0 4.61e-20 1
260.0 5.03e-20 1
262.0 5.33e-20 1
264.0 5.68e-20 1
266.0 6.1e-20 1
268.0 6.35e-20 1
270.0 6.49e-20 1
272.0 6.74e-20 1
274.0 6.98e-20 1
276.0 6.98e-20 1
278.0 6.93e-20 1
280.0 6.91e-20 1
282.0 6.92e-20 1
284.0 6.6e-20 1
286.0 6.38e-20 1
288.0 6.09e-20 1
290.0 5.88e-20 1
292.0 5.43e-20 1
294.0 4.87e-20 1
296.0 4.5e-20 1
298.0 4.1e-20 1
300.0 3.74e-20 1
302.0 3.19e-20 1
304.0 2.65e-20 1
306.0 2.26e-20 1
308.0 1.88e-20 1
310.0 1.57e-20 1
312.0 1.28e-20 1
314.0 9.4e-21 1
316.0 7e-21 1
318.0 5.3e-21 1
320.0 4e-21 1
322.0 3.1e-21 1
324.0 2.1e-21 1
326.0 1.4e-21 1
328.0 1e-21 1
330.0 7e-22 1
332.0 4e-22 1
335.0 0.0 1
