250.0 1.725e-20 0.102
251.0 1.52e-20 0.107
252.0 1.477e-20 0.112
253.0 1.545e-20 0.116
254.0 1.596e-20 0.121
255.0 1.667e-20 0.126
256.0 1.619e-20 0.132
257.0 1.809e-20 0.138
258.0 1.823e-20 0.145
259.0 1.85e-20 0.151
260.0 1.828e-20 0.157
261.0 1.957e-20 0.165
262.0 2.027e-20 0.173
263.0 2.144e-20 0.181
264.0 2.184e-20 0.189
265.0 2.261e-20 0.197
266.0 2.333e-20 0.207
267.0 2.371e-20 0.216
268.0 2.361e-20 0.226
269.0 2.475e-20 0.235
270.0 2.509e-20 0.245
271.0 2.613e-20 0.255
272.0 2.72e-20 0.266
273.0 2.81e-20 0.276
274.0 2.92e-20 0.286
275.0 3e-20 0.297
276.0 3.06e-20 0.307
277.0 3.087e-20 0.318
278.0 3.078e-20 0.328
279.0 3.086e-20 0.339
280.0 3.135e-20 0.349
281.0 3.216e-20 0.359
282.0 3.322e-20 0.368
283.0 3.455e-20 0.377
284.0 3.568e-20 0.387
285.0 3.673e-20 0.396
286.0 3.797e-20 0.403
287.0 3.791e-20 0.411
288.0 3.813e-20 0.418
289.0 3.8e-20 0.425
290.0 3.734e-20 0.433
291.0 3.643e-20 0.437
292.0 3.654e-20 0.442
293.0 3.681e-20 0.446
294.0 3.729e-20 0.451
295.0 3.809e-20 0.455
296.0 3.824e-20 0.457
297.0 3.922e-20 0.459
298.0 4.073e-20 0.461
299.0 4.123e-20 0.463
300.0 4.045e-20 0.465
301.0 3.905e-20 0.464
302.0 3.779e-20 0.463
303.0 3.567e-20 0.461
304.0 3.35e-20 0.46
305.0 3.242e-20 0.459
306.0 3.223e-20 0.455
307.0 3.2e-20 0.451
308.0 3.146e-20 0.447
309.0 3.123e-20 0.444
310.0 3.1e-20 0.44
311.0 3.222e-20 0.433
312.0 3.343e-20 0.426
313.0 3.39e-20 0.42
314.0 3.233e-20 0.413
315.0 2.805e-20 0.406
316.0 2.646e-20 0.398
317.0 2.46e-20 0.389
318.0 2.214e-20 0.38
319.0 1.927e-20 0.371
320.0 1.854e-20 0.363
321.0 1.885e-20 0.352
322.0 1.766e-20 0.342
323.0 1.723e-20 0.332
324.0 1.677e-20 0.322
325.0 1.603e-20 0.312
326.0 1.606e-20 0.301
327.0 1.695e-20 0.29
328.0 1.937e-20 0.279
329.0 1.857e-20 0.268
330.0 1.689e-20 0.257
331.0 1.128e-20 0.246
332.0 1.048e-20 0.235
333.0 9.66e-21 0.224
334.0 9.19e-21 0.214
335.0 7.37e-21 0.203
336.0 6.3e-21 0.193
337.0 5.89e-21 0.183
338.0 6.47e-21 0.173
339.0 5.85e-21 0.163
340.0 5.53e-21 0.153
341.0 5.63e-21 0.145
342.0 5.1e-21 0.136
343.0 4.99e-21 0.128
344.0 6.49e-21 0.119
345.0 6.24e-21 0.111
346.0 7.33e-21 0.104
347.0 6.31e-21 0.097
348.0 6.04e-21 0.091
349.0 4.15e-21 0.084
350.0 3.91e-21 0.078
351.0 3.95e-21 0.072
352.0 4.23e-21 0.067
353.0 4.15e-21 0.062
354.0 4.03e-21 0.057
355.0 4.22e-21 0.052
356.0 4.43e-21 0.048
357.0 4.31e-21 0.044
358.0 4.71e-21 0.041
359.0 5.03e-21 0.037
360.0 5.46e-21 0.034
361.0 6.27e-21 0.031
362.0 7.06e-21 0.029
363.0 6.39e-21 0.026
364.0 6.8e-21 0.024
365.0 6.65e-21 0.022
366.0 7.43e-21 0.02
367.0 8.6e-21 0.018
368.0 1.012e-20 0.016
369.0 1.063e-20 0.015
370.0 1.139e-20 0.013
371.0 1.185e-20 0.012
372.0 1.141e-20 0.011
373.0 1.212e-20 0.01
374.0 1.352e-20 0.009
375.0 1.332e-20 0.008
376.0 1.377e-20 0.007
377.0 1.467e-20 0.007
378.0 1.605e-20 0.006
379.0 1.534e-20 0.005
380.0 1.934e-20 0.005
381.0 2.455e-20 0.004
382.0 2.019e-20 0.004
383.0 2.069e-20 0.003
384.0 1.939e-20 0.003
385.0 1.893e-20 0.003
386.0 1.835e-20 0.002
387.0 2.287e-20 0.002
388.0 3e-20 0.002
389.0 3.206e-20 0.002
390.0 3.483e-20 0.002
391.0 3.922e-20 0.001
392.0 3.801e-20 0.001
393.0 2.852e-20 0.001
394.0 3.147e-20 0.001
395.0 3.855e-20 0.001
396.0 3.679e-20 0.001
397.0 3.361e-20 0.001
398.0 4.323e-20 0.001
399.0 4.345e-20 0.001
400.0 3.873e-20 0.001
401.0 4.455e-20 0.0
402.0 5.843e-20 0.0
403.0 7.159e-20 0.0
404.0 6.237e-20 0.0
405.0 4.491e-20 0.0
406.0 4.482e-20 0.0
407.0 4.066e-20 0.0
408.0 3.444e-20 0.0
409.0 4.008e-20 0.0
410.0 5.661e-20 0.0
411.0 7.221e-20 0.0
412.0 7.406e-20 0.0
413.0 1.075e-19 0.0
414.0 1.012e-19 0.0
415.0 1.019e-19 0.0
416.0 6.073e-20 0.0
417.0 6.829e-20 0.0
418.0 7.873e-20 0.0
419.0 9.134e-20 0.0
420.0 5.602e-20 0.0
421.0 7.188e-20 0.0
