250.0 1.725e-20 0.898
251.0 1.52e-20 0.893
252.0 1.477e-20 0.888
253.0 1.545e-20 0.884
254.0 1.596e-20 0.879
255.0 1.667e-20 0.874
256.0 1.619e-20 0.868
257.0 1.809e-20 0.862
258.0 1.823e-20 0.855
259.0 1.85e-20 0.849
260.0 1.828e-20 0.843
261.0 1.957e-20 0.835
262.0 2.027e-20 0.827
263.0 2.144e-20 0.82
264.0 2.184e-20 0.812
265.0 2.261e-20 0.804
266.0 2.333e-20 0.794
267.0 2.371e-20 0.784
268.0 2.361e-20 0.774
269.0 2.475e-20 0.764
270.0 2.509e-20 0.754
271.0 2.613e-20 0.744
272.0 2.72e-20 0.733
273.0 2.81e-20 0.723
274.0 2.92e-20 0.713
275.0 3e-20 0.702
276.0 3.06e-20 0.692
277.0 3.087e-20 0.681
278.0 3.078e-20 0.671
279.0 3.086e-20 0.66
280.0 3.135e-20 0.65
281.0 3.216e-20 0.64
282.0 3.322e-20 0.631
283.0 3.455e-20 0.621
284.0 3.568e-20 0.612
285.0 3.673e-20 0.602
286.0 3.797e-20 0.594
287.0 3.791e-20 0.587
288.0 3.813e-20 0.579
289.0 3.8e-20 0.571
290.0 3.734e-20 0.563
291.0 3.643e-20 0.558
292.0 3.654e-20 0.553
293.0 3.681e-20 0.547
294.0 3.729e-20 0.542
295.0 3.809e-20 0.537
296.0 3.824e-20 0.534
297.0 3.922e-20 0.531
298.0 4.073e-20 0.529
299.0 4.123e-20 0.526
300.0 4.045e-20 0.523
301.0 3.905e-20 0.523
302.0 3.779e-20 0.523
303.0 3.567e-20 0.524
304.0 3.35e-20 0.524
305.0 3.242e-20 0.524
306.0 3.223e-20 0.526
307.0 3.2e-20 0.529
308.0 3.146e-20 0.531
309.0 3.123e-20 0.534
310.0 3.1e-20 0.536
311.0 3.222e-20 0.54
312.0 3.343e-20 0.544
313.0 3.39e-20 0.549
314.0 3.233e-20 0.553
315.0 2.805e-20 0.557
316.0 2.646e-20 0.562
317.0 2.46e-20 0.568
318.0 2.214e-20 0.573
319.0 1.927e-20 0.579
320.0 1.854e-20 0.584
321.0 1.885e-20 0.59
322.0 1.766e-20 0.596
323.0 1.723e-20 0.602
324.0 1.677e-20 0.608
325.0 1.603e-20 0.613
326.0 1.606e-20 0.619
327.0 1.695e-20 0.624
328.0 1.937e-20 0.63
329.0 1.857e-20 0.635
330.0 1.689e-20 0.64
331.0 1.128e-20 0.644
332.0 1.048e-20 0.647
333.0 9.66e-21 0.651
334.0 9.19e-21 0.654
335.0 7.37e-21 0.657
336.0 6.3e-21 0.658
337.0 5.89e-21 0.66
338.0 6.47e-21 0.661
339.0 5.85e-21 0.662
340.0 5.53e-21 0.663
341.0 5.63e-21 0.661
342.0 5.1e-21 0.659
343.0 4.99e-21 0.657
344.0 6.49e-21 0.654
345.0 6.24e-21 0.652
346.0 7.33e-21 0.646
347.0 6.31e-21 0.641
348.0 6.04e-21 0.636
349.0 4.15e-21 0.63
350.0 3.91e-21 0.624
351.0 3.95e-21 0.616
352.0 4.23e-21 0.608
353.0 4.15e-21 0.6
354.0 4.03e-21 0.591
355.0 4.22e-21 0.583
356.0 4.43e-21 0.573
357.0 4.31e-21 0.562
358.0 4.71e-21 0.552
359.0 5.03e-21 0.541
360.0 5.46e-21 0.53
361.0 6.27e-21 0.518
362.0 7.06e-21 0.507
363.0 6.39e-21 0.495
364.0 6.8e-21 0.482
365.0 6.65e-21 0.47
366.0 7.43e-21 0.458
367.0 8.6e-21 0.446
368.0 1.012e-20 0.434
369.0 1.063e-20 0.422
370.0 1.139e-20 0.41
371.0 1.185e-20 0.398
372.0 1.141e-20 0.386
373.0 1.212e-20 0.374
374.0 1.352e-20 0.362
375.0 1.332e-20 0.35
376.0 1.377e-20 0.339
377.0 1.467e-20 0.328
378.0 1.605e-20 0.317
379.0 1.534e-20 0.306
380.0 1.934e-20 0.295
381.0 2.455e-20 0.285
382.0 2.019e-20 0.275
383.0 2.069e-20 0.265
384.0 1.939e-20 0.255
385.0 1.893e-20 0.245
386.0 1.835e-20 0.237
387.0 2.287e-20 0.228
388.0 3e-20 0.219
389.0 3.206e-20 0.211
390.0 3.483e-20 0.202
391.0 3.922e-20 0.195
392.0 3.801e-20 0.187
393.0 2.852e-20 0.179
394.0 3.147e-20 0.172
395.0 3.855e-20 0.164
396.0 3.679e-20 0.157
397.0 3.361e-20 0.15
398.0 4.323e-20 0.143
399.0 4.345e-20 0.136
400.0 3.873e-20 0.128
401.0 4.455e-20 0.121
402.0 5.843e-20 0.114
403.0 7.159e-20 0.107
404.0 6.237e-20 0.1
405.0 4.491e-20 0.093
406.0 4.482e-20 0.085
407.0 4.066e-20 0.078
408.0 3.444e-20 0.07
409.0 4.008e-20 0.062
410.0 5.661e-20 0.055
411.0 7.221e-20 0.049
412.0 7.406e-20 0.043
413.0 1.075e-19 0.036
414.0 1.012e-19 0.03
415.0 1.019e-19 0.024
416.0 6.073e-20 0.017
417.0 6.829e-20 0.011
418.0 7.873e-20 0.006
419.0 9.134e-20 0.002
420.0 5.602e-20 0.0
421.0 7.188e-20 0.0
