250.0 2.57e-21 0.48
251.0 2.04e-21 0.481
252.0 3.37e-21 0.482
253.0 2.89e-21 0.483
254.0 3.42e-21 0.484
255.0 4.5e-21 0.485
256.0 6.28e-21 0.486
257.0 4.43e-21 0.487
258.0 3.07e-21 0.488
259.0 6.17e-21 0.489
260.0 6.05e-21 0.49
261.0 6.59e-21 0.481
262.0 6.03e-21 0.472
263.0 1.077e-20 0.463
264.0 9.47e-21 0.454
265.0 5.31e-21 0.446
266.0 5.39e-21 0.437
267.0 1.36e-20 0.428
268.0 1.243e-20 0.419
269.0 9.91e-21 0.41
270.0 9.63e-21 0.401
271.0 1.941e-20 0.392
272.0 1.43e-20 0.383
273.0 8.11e-21 0.374
274.0 6.58e-21 0.365
275.0 2.143e-20 0.356
276.0 2.584e-20 0.347
277.0 1.573e-20 0.338
278.0 1.035e-20 0.329
279.0 2.451e-20 0.32
280.0 2.338e-20 0.3
281.0 1.562e-20 0.27
282.0 9.73e-21 0.27
283.0 7.22e-21 0.25
284.0 4.265e-20 0.26
285.0 4.05e-20 0.31
286.0 2.095e-20 0.32
287.0 1.153e-20 0.3
288.0 3.169e-20 0.29
289.0 3.225e-20 0.29
290.0 1.173e-20 0.28
291.0 1.836e-20 0.27
292.0 7.97e-21 0.27
293.0 3.128e-20 0.26
294.0 7.154e-20 0.3
295.0 4.054e-20 0.21
296.0 2.474e-20 0.24
297.0 1.367e-20 0.28
298.0 4.217e-20 0.33
299.0 3.175e-20 0.35
300.0 9.64e-21 0.3
301.0 1.625e-20 0.3
302.0 8.54e-21 0.27
303.0 3.021e-20 0.286
304.0 7.219e-20 0.25
305.0 4.752e-20 0.29
306.0 4.292e-20 0.358
307.0 1.781e-20 0.32
308.0 1.385e-20 0.3
309.0 3.252e-20 0.29
310.0 1.737e-20 0.3
311.0 4.62e-21 0.32
312.0 1.188e-20 0.331
313.0 9.06e-21 0.27
314.0 5.637e-20 0.319
315.0 5.565e-20 0.22
316.0 2.561e-20 0.25
317.0 5.777e-20 0.347
318.0 3.151e-20 0.34
319.0 9.78e-21 0.431
320.0 1.194e-20 0.4
321.0 1.598e-20 0.35
322.0 7.22e-21 0.42
323.0 3.28e-21 0.525
324.0 8.58e-21 0.51
325.0 1.578e-20 0.54
326.0 6.876e-20 0.494
327.0 4.37e-20 0.5
328.0 1.22e-20 0.6
329.0 3.12e-20 0.671
330.0 3.865e-20 0.62
331.0 1.412e-20 0.43
332.0 3.47e-21 0.45
333.0 2.14e-21 0.48
334.0 1.59e-21 0.51
335.0 9.7e-22 0.56
336.0 1.26e-21 0.62
337.0 3.83e-21 0.61
338.0 1.919e-20 0.58
339.0 5.381e-20 0.58
340.0 3.151e-20 0.64
341.0 9.78e-21 0.61
342.0 5.09e-21 0.58
343.0 1.922e-20 0.55
344.0 1.268e-20 0.51
345.0 4.37e-21 0.5
346.0 1.19e-21 0.47
347.0 4.4e-22 0.44
348.0 7.5e-22 0.42
349.0 3.8e-22 0.38
350.0 3.6e-22 0.36
351.0 8.9e-22 0.33
352.0 7.3e-21 0.3
353.0 2.275e-20 0.28
354.0 1.645e-20 0.25
355.0 6.96e-21 0.12
356.0 1.48e-21 0.1
357.0 3.5e-22 0.07
358.0 1.9e-22 0.04
359.0 1.1e-22 0.01
360.0 9e-23 0.0
