250.0 2.57e-21 0.32
251.0 2.04e-21 0.319
252.0 3.37e-21 0.318
253.0 2.89e-21 0.317
254.0 3.42e-21 0.316
255.0 4.5e-21 0.315
256.0 6.28e-21 0.314
257.0 4.43e-21 0.313
258.0 3.07e-21 0.312
259.0 6.17e-21 0.311
260.0 6.05e-21 0.31
261.0 6.59e-21 0.32
262.0 6.03e-21 0.33
263.0 1.077e-20 0.34
264.0 9.47e-21 0.35
265.0 5.31e-21 0.36
266.0 5.39e-21 0.37
267.0 1.36e-20 0.38
268.0 1.243e-20 0.39
269.0 9.91e-21 0.4
270.0 9.63e-21 0.416
271.0 1.941e-20 0.432
272.0 1.43e-20 0.448
273.0 8.11e-21 0.464
274.0 6.58e-21 0.48
275.0 2.143e-20 0.496
276.0 2.584e-20 0.512
277.0 1.573e-20 0.528
278.0 1.035e-20 0.544
279.0 2.451e-20 0.56
280.0 2.338e-20 0.58
281.0 1.562e-20 0.6
282.0 9.73e-21 0.62
283.0 7.22e-21 0.64
284.0 4.265e-20 0.65
285.0 4.05e-20 0.67
286.0 2.095e-20 0.68
287.0 1.153e-20 0.7
288.0 3.169e-20 0.71
289.0 3.225e-20 0.71
290.0 1.173e-20 0.72
291.0 1.836e-20 0.73
292.0 7.97e-21 0.73
293.0 3.128e-20 0.74
294.0 7.154e-20 0.7
295.0 4.054e-20 0.79
296.0 2.474e-20 0.76
297.0 1.367e-20 0.74
298.0 4.217e-20 0.67
299.0 3.175e-20 0.65
300.0 9.64e-21 0.7
301.0 1.625e-20 0.7
302.0 8.54e-21 0.73
303.0 3.021e-20 0.714
304.0 7.219e-20 0.75
305.0 4.752e-20 0.71
306.0 4.292e-20 0.642
307.0 1.781e-20 0.68
308.0 1.385e-20 0.7
309.0 3.252e-20 0.71
310.0 1.737e-20 0.7
311.0 4.62e-21 0.68
312.0 1.188e-20 0.669
313.0 9.06e-21 0.73
314.0 5.637e-20 0.681
315.0 5.565e-20 0.78
316.0 2.561e-20 0.75
317.0 5.777e-20 0.653
318.0 3.151e-20 0.66
319.0 9.78e-21 0.579
320.0 1.194e-20 0.6
321.0 1.598e-20 0.65
322.0 7.22e-21 0.58
323.0 3.28e-21 0.475
324.0 8.58e-21 0.49
325.0 1.578e-20 0.46
326.0 6.876e-20 0.506
327.0 4.37e-20 0.5
328.0 1.22e-20 0.4
329.0 3.12e-20 0.329
330.0 3.865e-20 0.38
331.0 1.412e-20 0.46
332.0 3.47e-21 0.37
333.0 2.14e-21 0.24
334.0 1.59e-21 0.112
335.0 9.7e-22 0.07
336.0 1.26e-21 0.055
337.0 3.83e-21 0.035
338.0 1.919e-20 0.01
339.0 5.381e-20 0.011
340.0 3.151e-20 0.01
341.0 9.78e-21 0.008
342.0 5.09e-21 0.008
343.0 1.922e-20 0.008
344.0 1.268e-20 0.007
345.0 4.37e-21 0.007
346.0 1.19e-21 0.007
347.0 4.4e-22 0.007
348.0 7.5e-22 0.007
349.0 3.8e-22 0.006
350.0 3.6e-22 0.006
351.0 8.9e-22 0.005
352.0 7.3e-21 0.005
353.0 2.275e-20 0.005
354.0 1.645e-20 0.005
355.0 6.96e-21 0.005
356.0 1.48e-21 0.0
