190.0 1.36e-17 1
195.0 1.02e-17 1
200.0 5.88e-18 1
205.0 2.8e-18 1
210.0 1.04e-18 1
215.0 3.65e-19 1
220.0 1.49e-19 1
225.0 8.81e-20 1
230.0 5.75e-20 1
235.0 3.75e-20 1
240.0 2.58e-20 1
245.0 2.11e-20 1
250.0 1.97e-20 1
255.0 1.95e-20 1
260.0 1.91e-20 1
265.0 1.8e-20 1
270.0 1.62e-20 1
275.0 1.38e-20 1
280.0 1.12e-20 1
285.0 8.58e-21 1
290.0 6.15e-21 1
295.0 4.12e-21 1
300.0 2.63e-21 1
305.0 1.5e-21 1
310.0 8.1e-22 1
315.0 4.1e-22 1
320.0 2e-22 1
325.0 9.5e-23 1
330.0 4.3e-23 1
335.0 2.2e-23 1
340.0 1e-23 1
345.0 6e-24 1
350.0 4e-24 1
355.0 0.0 1
