270.0 3.7e-20 1
272.0 3e-20 1
274.0 2.5e-20 1
296.0 3.26e-21 1
297.0 5.65e-21 1
298.0 5.17e-21 1
299.0 4.29e-21 1
300.0 6.17e-21 1
301.0 6.9e-21 1
302.0 5.79e-21 1
303.0 9.25e-21 1
304.0 1.04e-20 1
305.0 1.57e-20 1
306.0 1.29e-20 1
307.0 9.16e-21 1
308.0 1.45e-20 1
309.0 2.01e-20 1
310.0 1.51e-20 1
311.0 2.07e-20 1
312.0 2.42e-20 1
313.0 2.25e-20 1
314.0 3.35e-20 1
315.0 2.54e-20 1
316.0 1.61e-20 1
317.0 3.21e-20 1
318.0 4.49e-20 1
319.0 3.19e-20 1
320.0 4.66e-20 1
321.0 5.96e-20 1
322.0 4.05e-20 1
323.0 4.56e-20 1
324.0 5.89e-20 1
325.0 4.05e-20 1
326.0 2.65e-20 1
326.5 3.55e-20 1
327.0 6.44e-20 1
327.5 1.026e-19 1
328.0 9.22e-20 1
328.5 6.38e-20 1
329.0 5.2e-20 1
329.5 6.12e-20 1
330.0 9.92e-20 1
330.5 1.506e-19 1
331.0 1.432e-19 1
331.5 9.88e-20 1
332.0 6.94e-20 1
332.5 6e-20 1
333.0 6.31e-20 1
333.5 7.11e-20 1
334.0 8.35e-20 1
334.5 8.37e-20 1
335.0 7.71e-20 1
335.5 6.55e-20 1
336.0 5.33e-20 1
336.5 4.36e-20 1
337.0 4.23e-20 1
337.5 5.13e-20 1
338.0 9.38e-20 1
338.5 1.652e-19 1
339.0 1.432e-19 1
339.5 9.96e-20 1
340.0 7.79e-20 1
340.5 8.51e-20 1
341.0 1.613e-19 1
341.5 3.152e-19 1
342.0 2.94e-19 1
342.5 1.847e-19 1
343.0 1.143e-19 1
343.5 8.29e-20 1
344.0 7.59e-20 1
344.5 8.18e-20 1
345.0 8.77e-20 1
345.5 9.1e-20 1
346.0 9.64e-20 1
346.5 8.87e-20 1
347.0 7.8e-20 1
347.5 7.06e-20 1
348.0 6.63e-20 1
348.5 6.26e-20 1
349.0 6e-20 1
349.5 6.47e-20 1
350.0 9.06e-20 1
350.5 1.495e-19 1
351.0 1.694e-19 1
351.5 1.407e-19 1
352.0 1.242e-19 1
352.5 1.281e-19 1
353.0 1.634e-19 1
353.5 2.849e-19 1
354.0 4.873e-19 1
354.5 4.434e-19 1
355.0 2.764e-19 1
355.5 1.64e-19 1
356.0 1.113e-19 1
356.5 9.35e-20 1
357.0 9.45e-20 1
357.5 1.008e-19 1
358.0 9.84e-20 1
358.5 9.02e-20 1
359.0 8.37e-20 1
359.5 7.67e-20 1
360.0 6.87e-20 1
360.5 6.32e-20 1
361.0 6.05e-20 1
361.5 5.95e-20 1
362.0 5.98e-20 1
362.5 6.35e-20 1
363.0 7.39e-20 1
363.5 9.22e-20 1
364.0 1.149e-19 1
364.5 1.271e-19 1
365.0 1.282e-19 1
365.5 1.319e-19 1
366.0 1.484e-19 1
366.5 1.843e-19 1
367.0 2.508e-19 1
367.5 3.518e-19 1
368.0 4.356e-19 1
368.5 4.137e-19 1
369.0 3.145e-19 1
369.5 2.172e-19 1
369.90000000000003 1.505e-19 1
370.09999999999997 9.49e-20 1
372.0 7.96e-20 1
373.0 6.3e-20 1
374.0 4.59e-20 1
375.0 3.55e-20 1
376.0 3.36e-20 1
377.0 3.66e-20 1
378.0 4.33e-20 1
379.0 5.66e-20 1
380.0 7.21e-20 1
381.0 9.13e-20 1
382.0 1.244e-19 1
383.0 1.703e-19 1
384.0 1.947e-19 1
385.0 1.609e-19 1
386.0 1.052e-19 1
387.0 6.59e-20 1
388.0 4.3e-20 1
389.0 2.81e-20 1
390.0 1.71e-20 1
391.0 9.92e-21 1
392.0 7.31e-21 1
393.0 5.97e-21 1
394.0 5.28e-21 1
395.0 4.03e-21 1
396.0 2.37e-21 1
397.0 7.1e-22 1
398.0 0.0 1
