250.0 2.24e-21 1
251.0 2.18e-21 1
252.0 2.06e-21 1
253.0 2.11e-21 1
254.0 2.1e-21 1
255.0 2.18e-21 1
256.0 2.28e-21 1
257.0 2.28e-21 1
258.0 2.4e-21 1
259.0 2.52e-21 1
260.0 2.64e-21 1
261.0 2.86e-21 1
262.0 3.02e-21 1
263.0 3.19e-21 1
264.0 3.47e-21 1
265.0 3.74e-21 1
266.0 4.02e-21 1
267.0 4.34e-21 1
268.0 4.66e-21 1
269.0 5.09e-21 1
270.0 5.45e-21 1
271.0 5.93e-21 1
272.0 6.39e-21 1
273.0 6.88e-21 1
274.0 7.47e-21 1
275.0 8.01e-21 1
276.0 8.65e-21 1
277.0 9.37e-21 1
278.0 1.01e-20 1
279.0 1.09e-20 1
280.0 1.17e-20 1
281.0 1.25e-20 1
282.0 1.34e-20 1
283.0 1.43e-20 1
284.0 1.53e-20 1
285.0 1.63e-20 1
286.0 1.74e-20 1
287.0 1.85e-20 1
288.0 1.97e-20 1
289.0 2.1e-20 1
290.0 2.23e-20 1
291.0 2.36e-20 1
292.0 2.48e-20 1
293.0 2.61e-20 1
294.0 2.73e-20 1
295.0 2.88e-20 1
296.0 3.05e-20 1
297.0 3.19e-20 1
298.0 3.35e-20 1
299.0 3.48e-20 1
300.0 3.66e-20 1
301.0 3.83e-20 1
302.0 3.98e-20 1
303.0 4.13e-20 1
304.0 4.28e-20 1
305.0 4.43e-20 1
306.0 4.61e-20 1
307.0 4.77e-20 1
308.0 4.92e-20 1
309.0 5.06e-20 1
310.0 5.18e-20 1
311.0 5.36e-20 1
312.0 5.54e-20 1
313.0 5.69e-20 1
314.0 5.82e-20 1
315.0 5.92e-20 1
316.0 6.08e-20 1
317.0 6.23e-20 1
318.0 6.37e-20 1
319.0 6.46e-20 1
320.0 6.49e-20 1
321.0 6.47e-20 1
322.0 6.52e-20 1
323.0 6.6e-20 1
324.0 6.73e-20 1
325.0 6.85e-20 1
326.0 6.88e-20 1
327.0 6.89e-20 1
328.0 7e-20 1
329.0 7.15e-20 1
330.0 7.22e-20 1
331.0 7.23e-20 1
332.0 7.15e-20 1
333.0 6.94e-20 1
334.0 6.73e-20 1
335.0 6.51e-20 1
336.0 6.41e-20 1
337.0 6.48e-20 1
338.0 6.47e-20 1
339.0 6.42e-20 1
340.0 6.34e-20 1
341.0 6.22e-20 1
342.0 6.17e-20 1
343.0 6.47e-20 1
344.0 6.55e-20 1
345.0 6.38e-20 1
346.0 6.13e-20 1
347.0 5.86e-20 1
348.0 5.5e-20 1
349.0 5.01e-20 1
350.0 4.68e-20 1
351.0 4.4e-20 1
352.0 4.31e-20 1
353.0 4.44e-20 1
354.0 4.32e-20 1
355.0 4.15e-20 1
356.0 3.83e-20 1
357.0 3.74e-20 1
358.0 3.68e-20 1
359.0 3.85e-20 1
360.0 4.37e-20 1
361.0 3.94e-20 1
362.0 3.55e-20 1
363.0 3.11e-20 1
364.0 2.99e-20 1
365.0 2.68e-20 1
366.0 2.35e-20 1
367.0 2.06e-20 1
368.0 1.8e-20 1
369.0 1.66e-20 1
370.0 1.65e-20 1
371.0 1.71e-20 1
372.0 1.56e-20 1
373.0 1.46e-20 1
374.0 1.24e-20 1
375.0 1.14e-20 1
376.0 1.13e-20 1
377.0 1.16e-20 1
378.0 1.28e-20 1
379.0 1.69e-20 1
380.0 1.18e-20 1
381.0 9.83e-21 1
382.0 7.34e-21 1
383.0 6.67e-21 1
384.0 6.47e-21 1
385.0 5.44e-21 1
386.0 4.42e-21 1
387.0 3.7e-21 1
388.0 3.14e-21 1
389.0 2.79e-21 1
390.0 2.46e-21 1
391.0 2.33e-21 1
392.0 2.26e-21 1
393.0 2.14e-21 1
394.0 1.95e-21 1
395.0 1.65e-21 1
402.0 0.0 1
