185.0 1.79e-17 1
188.0 1.81e-17 1
190.0 1.79e-17 1
195.0 1.61e-17 1
200.0 1.26e-17 1
205.0 8.67e-18 1
210.0 4.98e-18 1
215.0 2.47e-18 1
220.0 1.17e-18 1
225.0 5.8e-19 1
230.0 3.1e-19 1
235.0 1.8e-19 1
240.0 1.1e-19 1
245.0 7e-20 1
250.0 5.7e-20 1
255.0 5.2e-20 1
260.0 4.9e-20 1
265.0 4.6e-20 1
270.0 4.1e-20 1
275.0 3.6e-20 1
280.0 2.9e-20 1
285.0 2.3e-20 1
290.0 1.7e-20 1
295.0 1.2e-20 1
300.0 8.1e-21 1
305.0 5.2e-21 1
310.0 3.2e-21 1
315.0 1.9e-21 1
320.0 1.1e-21 1
325.0 6.1e-22 1
330.0 3.7e-22 1
335.0 0.0 1
