250.0 2.07e-21 0.567
251.0 1.94e-21 0.537
252.0 1.87e-21 0.508
253.0 1.8e-21 0.481
254.0 1.78e-21 0.455
255.0 1.77e-21 0.431
256.0 1.8e-21 0.408
257.0 1.8e-21 0.386
258.0 1.86e-21 0.365
259.0 1.93e-21 0.346
260.0 2.01e-21 0.327
261.0 2.11e-21 0.31
262.0 2.24e-21 0.293
263.0 2.41e-21 0.278
264.0 2.63e-21 0.263
265.0 2.83e-21 0.249
266.0 3.05e-21 0.235
267.0 3.33e-21 0.223
268.0 3.63e-21 0.211
269.0 3.98e-21 0.2
270.0 4.36e-21 0.189
271.0 4.79e-21 0.179
272.0 5.2e-21 0.169
273.0 5.67e-21 0.16
274.0 6.16e-21 0.152
275.0 6.73e-21 0.143
276.0 7.32e-21 0.136
277.0 7.93e-21 0.129
278.0 8.63e-21 0.122
279.0 9.36e-21 0.115
280.0 1.01e-20 0.109
281.0 1.09e-20 0.103
282.0 1.18e-20 0.098
283.0 1.26e-20 0.092
284.0 1.35e-20 0.087
285.0 1.45e-20 0.083
286.0 1.56e-20 0.078
287.0 1.67e-20 0.074
288.0 1.79e-20 0.07
289.0 1.9e-20 0.066
290.0 2.03e-20 0.063
291.0 2.16e-20 0.06
292.0 2.28e-20 0.056
293.0 2.4e-20 0.053
294.0 2.52e-20 0.05
295.0 2.68e-20 0.048
296.0 2.85e-20 0.045
297.0 2.99e-20 0.043
298.0 3.13e-20 0.04
299.0 3.26e-20 0.038
300.0 3.44e-20 0.036
301.0 3.61e-20 0.034
302.0 3.76e-20 0.032
303.0 3.91e-20 0.031
304.0 4.04e-20 0.029
305.0 4.19e-20 0.028
306.0 4.4e-20 0.026
307.0 4.58e-20 0.025
308.0 4.71e-20 0.023
309.0 4.81e-20 0.022
310.0 4.92e-20 0.021
311.0 5.13e-20 0.02
312.0 5.35e-20 0.019
313.0 5.5e-20 0.018
314.0 5.61e-20 0.017
315.0 5.7e-20 0.016
316.0 5.87e-20 0.015
317.0 6.04e-20 0.014
318.0 6.19e-20 0.013
319.0 6.28e-20 0.013
320.0 6.27e-20 0.012
321.0 6.18e-20 0.011
322.0 6.21e-20 0.011
323.0 6.34e-20 0.01
324.0 6.58e-20 0.01
325.0 6.74e-20 0.009
326.0 6.73e-20 0.009
327.0 6.68e-20 0.008
328.0 6.83e-20 0.008
329.0 7.07e-20 0.007
330.0 7.15e-20 0.007
331.0 7.16e-20 0.007
332.0 7.03e-20 0.006
333.0 6.69e-20 0.006
334.0 6.41e-20 0.006
335.0 6.08e-20 0.005
336.0 5.97e-20 0.005
337.0 6.25e-20 0.005
338.0 6.38e-20 0.004
339.0 6.37e-20 0.004
340.0 6.24e-20 0.004
341.0 6.02e-20 0.004
342.0 5.98e-20 0.004
343.0 6.58e-20 0.003
344.0 6.79e-20 0.003
345.0 6.53e-20 0.003
346.0 6.11e-20 0.003
347.0 5.63e-20 0.003
348.0 5.22e-20 0.003
349.0 4.55e-20 0.002
350.0 4.16e-20 0.002
351.0 3.85e-20 0.002
352.0 3.89e-20 0.002
353.0 4.35e-20 0.002
354.0 4.31e-20 0.002
355.0 4.14e-20 0.002
356.0 3.62e-20 0.002
357.0 3.53e-20 0.002
358.0 3.46e-20 0.001
359.0 3.81e-20 0.001
360.0 5.05e-20 0.001
361.0 4.28e-20 0.001
362.0 3.61e-20 0.001
363.0 2.86e-20 0.001
364.0 2.68e-20 0.001
365.0 2.33e-20 0.001
366.0 1.92e-20 0.001
367.0 1.62e-20 0.001
368.0 1.4e-20 0.001
369.0 1.31e-20 0.001
370.0 1.42e-20 0.001
371.0 1.67e-20 0.001
372.0 1.53e-20 0.001
373.0 1.43e-20 0.001
374.0 1.08e-20 0.001
375.0 9.77e-21 0.001
376.0 1e-20 0.001
377.0 1.07e-20 0.001
378.0 1.35e-20 0.0
379.0 2.18e-20 0.0
380.0 1.3e-20 0.0
381.0 9.84e-21 0.0
382.0 5.55e-21 0.0
383.0 4.56e-21 0.0
384.0 3.64e-21 0.0
385.0 3.31e-21 0.0
386.0 2.46e-21 0.0
387.0 2.05e-21 0.0
388.0 1.81e-21 0.0
389.0 1.61e-21 0.0
390.0 1.47e-21 0.0
391.0 1.56e-21 0.0
392.0 1.59e-21 0.0
393.0 1.53e-21 0.0
394.0 1.49e-21 0.0
395.0 1.23e-21 0.0
