202.0 1.412e-20 1
206.0 1.92e-21 1
210.0 1.6e-21 1
214.0 1.83e-21 1
218.0 2.25e-21 1
222.0 2.9e-21 1
226.0 3.91e-21 1
230.0 5.34e-21 1
234.0 7.42e-21 1
238.0 1.029e-20 1
242.0 1.41e-20 1
246.0 1.886e-20 1
250.0 2.45e-20 1
254.0 3.09e-20 1
258.0 3.74e-20 1
262.0 4.39e-20 1
266.0 4.96e-20 1
270.0 5.4e-20 1
274.0 5.68e-20 1
278.0 5.77e-20 1
280.0 5.74e-20 1
281.0 5.72e-20 1
282.0 5.68e-20 1
283.0 5.62e-20 1
284.0 5.54e-20 1
285.0 5.44e-20 1
286.0 5.35e-20 1
287.0 5.26e-20 1
288.0 5.17e-20 1
289.0 5.06e-20 1
290.0 4.94e-20 1
291.0 4.78e-20 1
292.0 4.6e-20 1
293.0 4.42e-20 1
294.0 4.24e-20 1
295.0 4.08e-20 1
296.0 3.93e-20 1
297.0 3.79e-20 1
298.0 3.65e-20 1
299.0 3.48e-20 1
300.0 3.3e-20 1
301.0 3.1e-20 1
302.0 2.89e-20 1
303.0 2.69e-20 1
304.0 2.5e-20 1
305.0 2.33e-20 1
306.0 2.17e-20 1
307.0 2.02e-20 1
308.0 1.876e-20 1
309.0 1.727e-20 1
310.0 1.575e-20 1
311.0 1.423e-20 1
312.0 1.276e-20 1
313.0 1.136e-20 1
314.0 1.009e-20 1
315.0 8.96e-21 1
316.0 7.94e-21 1
317.0 6.97e-21 1
318.0 6.11e-21 1
319.0 5.31e-21 1
320.0 4.57e-21 1
321.0 3.89e-21 1
322.0 3.28e-21 1
323.0 2.76e-21 1
324.0 2.29e-21 1
325.0 1.89e-21 1
326.0 1.56e-21 1
327.0 1.29e-21 1
328.0 1.05e-21 1
329.0 8.5e-22 1
330.0 6.7e-22 1
331.0 5.4e-22 1
332.0 4.2e-22 1
333.0 3.3e-22 1
334.0 2.5e-22 1
335.0 2e-22 1
336.0 1.4e-22 1
337.0 1.1e-22 1
338.0 8e-23 1
339.0 7e-23 1
340.0 5e-23 1
341.0 5e-23 1
342.0 3e-23 1
343.0 3e-23 1
344.0 2e-23 1
345.0 1e-23 1
346.0 1e-23 1
347.0 0.0 1
