290.0 4.838e-20 0.971
291.0 4.743e-20 0.969
292.0 4.648e-20 0.967
293.0 4.552e-20 0.965
294.0 4.457e-20 0.963
295.0 4.362e-20 0.961
296.0 4.24e-20 0.958
297.0 4.119e-20 0.955
298.0 3.997e-20 0.953
299.0 3.876e-20 0.95
300.0 3.754e-20 0.947
301.0 3.675e-20 0.943
302.0 3.597e-20 0.94
303.0 3.518e-20 0.936
304.0 3.44e-20 0.933
305.0 3.361e-20 0.929
306.0 3.162e-20 0.925
307.0 2.963e-20 0.92
308.0 2.763e-20 0.916
309.0 2.564e-20 0.911
310.0 2.365e-20 0.906
311.0 2.27e-20 0.901
312.0 2.175e-20 0.896
313.0 2.081e-20 0.89
314.0 1.986e-20 0.885
315.0 1.891e-20 0.879
316.0 1.815e-20 0.873
317.0 1.739e-20 0.866
318.0 1.663e-20 0.86
319.0 1.587e-20 0.853
320.0 1.511e-20 0.846
321.0 1.396e-20 0.838
322.0 1.282e-20 0.831
323.0 1.167e-20 0.823
324.0 1.053e-20 0.815
325.0 9.38e-21 0.807
326.0 8.808e-21 0.798
327.0 8.236e-21 0.79
328.0 7.664e-21 0.781
329.0 7.092e-21 0.772
330.0 6.52e-21 0.763
331.0 6.18e-21 0.753
332.0 5.84e-21 0.744
333.0 5.5e-21 0.734
334.0 5.16e-21 0.724
335.0 4.82e-21 0.713
336.0 4.502e-21 0.703
337.0 4.184e-21 0.693
338.0 3.866e-21 0.682
339.0 3.548e-21 0.671
340.0 3.23e-21 0.66
341.0 3.184e-21 0.649
342.0 3.138e-21 0.638
343.0 3.092e-21 0.627
344.0 3.046e-21 0.616
345.0 3e-21 0.605
346.0 3.188e-21 0.593
347.0 3.376e-21 0.582
348.0 3.564e-21 0.57
349.0 3.752e-21 0.559
350.0 3.94e-21 0.548
351.0 4.272e-21 0.536
352.0 4.604e-21 0.525
353.0 4.936e-21 0.513
354.0 5.268e-21 0.502
355.0 5.6e-21 0.491
356.0 5.87e-21 0.48
357.0 6.14e-21 0.469
358.0 6.41e-21 0.458
359.0 6.68e-21 0.447
360.0 6.95e-21 0.436
361.0 7.714e-21 0.426
362.0 8.478e-21 0.415
363.0 9.242e-21 0.405
364.0 1.001e-20 0.394
365.0 1.077e-20 0.384
366.0 1.157e-20 0.374
367.0 1.236e-20 0.365
368.0 1.316e-20 0.355
369.0 1.395e-20 0.346
370.0 1.475e-20 0.336
371.0 1.562e-20 0.327
372.0 1.649e-20 0.318
373.0 1.737e-20 0.309
374.0 1.824e-20 0.301
375.0 1.911e-20 0.292
376.0 2.015e-20 0.284
377.0 2.118e-20 0.276
378.0 2.222e-20 0.268
379.0 2.325e-20 0.261
380.0 2.429e-20 0.253
381.0 2.587e-20 0.246
382.0 2.746e-20 0.239
383.0 2.904e-20 0.232
384.0 3.063e-20 0.225
385.0 3.221e-20 0.217
386.0 3.383e-20 0.208
387.0 3.544e-20 0.201
388.0 3.706e-20 0.193
389.0 3.867e-20 0.186
390.0 4.029e-20 0.179
391.0 4.17e-20 0.173
392.0 4.31e-20 0.167
393.0 4.451e-20 0.161
394.0 4.591e-20 0.155
395.0 4.732e-20 0.149
396.0 4.918e-20 0.144
397.0 5.105e-20 0.139
398.0 5.291e-20 0.134
399.0 5.478e-20 0.129
400.0 5.664e-20 0.125
401.0 5.9e-20 0.121
402.0 6.07e-20 0.116
403.0 6.35e-20 0.112
404.0 6.54e-20 0.109
405.0 6.91e-20 0.105
406.0 7.2e-20 0.101
407.0 7.58e-20 0.098
408.0 7.94e-20 0.095
409.0 8.12e-20 0.092
410.0 8.52e-20 0.088
411.0 8.63e-20 0.086
412.0 9.07e-20 0.083
413.0 9.37e-20 0.08
414.0 9.62e-20 0.077
415.0 9.68e-20 0.075
416.0 9.71e-20 0.073
417.0 1.004e-19 0.07
418.0 1.007e-19 0.068
419.0 1.012e-19 0.066
420.0 1.021e-19 0.064
421.0 1.034e-19 0.062
422.0 1.051e-19 0.06
423.0 1.045e-19 0.058
424.0 1.015e-19 0.056
425.0 1.034e-19 0.054
426.0 1.024e-19 0.053
427.0 9.84e-20 0.051
428.0 1.001e-19 0.05
429.0 9.94e-20 0.048
430.0 1.041e-19 0.047
431.0 1.053e-19 0.045
432.0 9.79e-20 0.044
433.0 1.064e-19 0.043
434.0 1.054e-19 0.041
435.0 1.081e-19 0.04
436.0 1.113e-19 0.039
437.0 9.99e-20 0.038
438.0 1.059e-19 0.037
439.0 1.101e-19 0.036
440.0 9.94e-20 0.035
441.0 1.039e-19 0.034
442.0 1.02e-19 0.033
443.0 1.017e-19 0.032
444.0 1.117e-19 0.031
445.0 9.61e-20 0.03
446.0 8.9e-20 0.029
447.0 9.84e-20 0.028
448.0 9.18e-20 0.027
449.0 1.013e-19 0.027
450.0 8.67e-20 0.026
451.0 6.34e-20 0.025
452.0 6.33e-20 0.025
453.0 6.08e-20 0.024
454.0 4.46e-20 0.023
455.0 3.69e-20 0.023
456.0 3.08e-20 0.022
457.0 2.46e-20 0.021
458.0 1.81e-20 0.021
459.0 1.28e-20 0.02
460.0 9.14e-21 0.02
461.0 7.95e-21 0.019
462.0 6.42e-21 0.019
463.0 4.79e-21 0.018
464.0 3.32e-21 0.018
465.0 2.68e-21 0.017
466.0 2.27e-21 0.017
467.0 1.87e-21 0.016
468.0 1.6e-21 0.016
469.0 1.33e-21 0.016
470.0 1.08e-21 0.015
471.0 9.9e-22 0.015
472.0 8.9e-22 0.014
473.0 7.7e-22 0.014
474.0 6.7e-22 0.014
475.0 6.2e-22 0.013
476.0 0.0 0.013
