250.0 2.41e-21 0.863
251.0 2.41e-21 0.816
252.0 2.24e-21 0.773
253.0 2.41e-21 0.731
254.0 2.41e-21 0.692
255.0 2.58e-21 0.655
256.0 2.75e-21 0.62
257.0 2.75e-21 0.587
258.0 2.93e-21 0.556
259.0 3.1e-21 0.526
260.0 3.27e-21 0.498
261.0 3.61e-21 0.471
262.0 3.79e-21 0.446
263.0 3.96e-21 0.422
264.0 4.3e-21 0.399
265.0 4.65e-21 0.378
266.0 4.99e-21 0.358
267.0 5.34e-21 0.339
268.0 5.68e-21 0.321
269.0 6.2e-21 0.303
270.0 6.54e-21 0.287
271.0 7.06e-21 0.272
272.0 7.57e-21 0.257
273.0 8.09e-21 0.243
274.0 8.78e-21 0.23
275.0 9.29e-21 0.218
276.0 9.98e-21 0.206
277.0 1.08e-20 0.195
278.0 1.15e-20 0.185
279.0 1.24e-20 0.175
280.0 1.33e-20 0.166
281.0 1.41e-20 0.157
282.0 1.5e-20 0.148
283.0 1.6e-20 0.14
284.0 1.7e-20 0.133
285.0 1.81e-20 0.126
286.0 1.91e-20 0.119
287.0 2.03e-20 0.113
288.0 2.15e-20 0.107
289.0 2.29e-20 0.101
290.0 2.43e-20 0.096
291.0 2.55e-20 0.09
292.0 2.67e-20 0.086
293.0 2.81e-20 0.081
294.0 2.93e-20 0.077
295.0 3.08e-20 0.073
296.0 3.24e-20 0.069
297.0 3.39e-20 0.065
298.0 3.56e-20 0.062
299.0 3.7e-20 0.058
300.0 3.87e-20 0.055
301.0 4.04e-20 0.052
302.0 4.2e-20 0.049
303.0 4.35e-20 0.047
304.0 4.51e-20 0.044
305.0 4.66e-20 0.042
306.0 4.82e-20 0.04
307.0 4.96e-20 0.038
308.0 5.13e-20 0.036
309.0 5.3e-20 0.034
310.0 5.44e-20 0.032
311.0 5.58e-20 0.03
312.0 5.73e-20 0.028
313.0 5.87e-20 0.027
314.0 6.02e-20 0.026
315.0 6.14e-20 0.024
316.0 6.28e-20 0.023
317.0 6.42e-20 0.022
318.0 6.54e-20 0.02
319.0 6.63e-20 0.019
320.0 6.7e-20 0.018
321.0 6.76e-20 0.017
322.0 6.83e-20 0.016
323.0 6.85e-20 0.016
324.0 6.88e-20 0.015
325.0 6.95e-20 0.014
326.0 7.02e-20 0.013
327.0 7.09e-20 0.012
328.0 7.16e-20 0.012
329.0 7.23e-20 0.011
330.0 7.28e-20 0.011
331.0 7.3e-20 0.01
332.0 7.26e-20 0.009
333.0 7.18e-20 0.009
334.0 7.04e-20 0.008
335.0 6.94e-20 0.008
336.0 6.85e-20 0.008
337.0 6.7e-20 0.007
338.0 6.56e-20 0.007
339.0 6.47e-20 0.006
340.0 6.44e-20 0.006
341.0 6.42e-20 0.006
342.0 6.35e-20 0.005
343.0 6.35e-20 0.005
344.0 6.3e-20 0.005
345.0 6.23e-20 0.005
346.0 6.14e-20 0.004
347.0 6.08e-20 0.004
348.0 5.77e-20 0.004
349.0 5.47e-20 0.004
350.0 5.2e-20 0.004
351.0 4.94e-20 0.003
352.0 4.72e-20 0.003
353.0 4.53e-20 0.003
354.0 4.32e-20 0.003
355.0 4.15e-20 0.003
356.0 4.03e-20 0.003
357.0 3.94e-20 0.002
358.0 3.89e-20 0.002
359.0 3.89e-20 0.002
360.0 3.68e-20 0.002
361.0 3.6e-20 0.002
362.0 3.49e-20 0.002
363.0 3.36e-20 0.002
364.0 3.29e-20 0.002
365.0 3.03e-20 0.002
366.0 2.77e-20 0.001
367.0 2.5e-20 0.001
368.0 2.2e-20 0.001
369.0 2.01e-20 0.001
370.0 1.88e-20 0.001
371.0 1.74e-20 0.001
372.0 1.58e-20 0.001
373.0 1.48e-20 0.001
374.0 1.39e-20 0.001
375.0 1.31e-20 0.001
376.0 1.26e-20 0.001
377.0 1.24e-20 0.001
378.0 1.2e-20 0.001
379.0 1.2e-20 0.001
380.0 1.05e-20 0.001
381.0 9.81e-21 0.001
382.0 9.12e-21 0.001
383.0 8.78e-21 0.001
384.0 9.29e-21 0.001
385.0 7.57e-21 0.001
386.0 6.37e-21 0.0
