242.0 5.77e-20 1.0
245.0 2.79e-20 1.0
248.0 1.62e-20 1.0
252.0 9.98e-21 1.0
255.0 1.05e-20 1.0
258.0 1.28e-20 1.0
261.0 1.58e-20 1.0
265.0 2.05e-20 1.0
268.0 2.64e-20 1.0
272.0 3.24e-20 1.0
276.0 4.07e-20 1.0
280.0 5.21e-20 1.0
284.0 6.23e-20 1.0
288.0 7.59e-20 1.0
292.0 9.51e-20 1.0
296.0 1.15e-19 1.0
301.0 1.32e-19 1.0
305.0 1.61e-19 1.0
310.0 1.88e-19 1.0
315.0 2.16e-19 1.0
320.0 2.53e-19 1.0
325.0 2.87e-19 1.0
330.0 3.17e-19 1.0
335.0 3.58e-19 1.0
340.0 4.02e-19 1.0
345.0 4.18e-19 1.0
350.0 4.62e-19 1.0
355.0 4.97e-19 1.0
360.0 5.09e-19 1.0
365.0 5.49e-19 1.0
370.0 5.61e-19 1.0
375.0 5.9e-19 1.0
380.0 5.93e-19 1.0
385.0 6.01e-19 1.0
390.0 6.3e-19 1.0
395.0 5.97e-19 1.0
398.0 6.252e-19 1.0
399.0 6.346e-19 0.95
400.0 6.44e-19 0.88
401.0 6.316e-19 0.75
402.0 6.192e-19 0.62
403.0 6.068e-19 0.53
404.0 5.944e-19 0.44
405.0 5.82e-19 0.37
406.0 5.904e-19 0.3
407.0 5.988e-19 0.26
408.0 6.072e-19 0.22
409.0 6.156e-19 0.18
410.0 6.24e-19 0.15
411.0 6.174e-19 0.13
412.0 6.108e-19 0.11
413.0 6.042e-19 0.09
414.0 5.976e-19 0.08
415.0 5.91e-19 0.06
416.0 5.926e-19 0.05
417.0 5.942e-19 0.04
418.0 5.958e-19 0.03
419.0 5.974e-19 0.02
420.0 5.99e-19 0.02
422.0 5.874e-19 0.01
424.0 5.758e-19 0.0
