585.0 3.1e-18 0.0
586.0 3.55e-18 0.015
587.0 4.46e-18 0.039
588.0 5.4e-18 0.097
589.0 6.56e-18 0.128
590.0 6.38e-18 0.19
591.0 5.83e-18 0.22
592.0 5.48e-18 0.249
593.0 4.9e-18 0.303
594.0 4.49e-18 0.328
595.0 4.6e-18 0.359
596.0 4.95e-18 0.357
597.0 4.67e-18 0.318
598.0 3.93e-18 0.323
599.0 3.33e-18 0.314
600.0 2.96e-18 0.291
601.0 3.07e-18 0.296
602.0 3.55e-18 0.291
603.0 4.08e-18 0.283
604.0 4.68e-18 0.28
605.0 4.67e-18 0.264
606.0 3.55e-18 0.271
607.0 2.58e-18 0.268
608.0 1.98e-18 0.25
609.0 1.84e-18 0.248
610.0 1.89e-18 0.236
611.0 2.04e-18 0.205
612.0 2.39e-18 0.2
613.0 2.82e-18 0.19
614.0 2.73e-18 0.166
615.0 2.42e-18 0.166
616.0 2.24e-18 0.16
617.0 2.26e-18 0.141
618.0 2.56e-18 0.143
619.0 2.74e-18 0.139
620.0 3.5e-18 0.131
621.0 5.62e-18 0.127
622.0 1.09e-17 0.122
623.0 1.578e-17 0.117
624.0 1.291e-17 0.106
625.0 8.98e-18 0.099
626.0 7.83e-18 0.092
627.0 8.06e-18 0.085
628.0 7.89e-18 0.074
629.0 7.48e-18 0.07
630.0 7.24e-18 0.065
631.0 5.18e-18 0.058
632.0 3.5e-18 0.051
633.0 2.33e-18 0.047
634.0 1.76e-18 0.043
635.0 1.54e-18 0.037
636.0 1.81e-18 0.032
637.0 2.22e-18 0.029
638.0 2.17e-18 0.027
639.0 1.69e-18 0.024
640.0 1.32e-18 0.02
641.0 1.08e-18 0.017
642.0 9.9e-19 0.014
643.0 1.04e-18 0.011
644.0 1.02e-18 0.008
645.0 9.2e-19 0.004
646.0 8e-19 0.001
647.0 7.5e-19 0.0
