403.0 2e-20 1.0
404.0 0.0 1.0
405.0 3e-20 1.0
406.0 2e-20 1.0
407.0 1e-20 1.0
408.0 3e-20 1.0
409.0 0.0 1.0
410.0 1e-20 1.0
411.0 2e-20 1.0
412.0 5e-20 1.0
413.0 5e-20 1.0
414.0 2e-20 1.0
415.0 6e-20 1.0
416.0 7e-20 1.0
417.0 8e-20 1.0
418.0 5e-20 1.0
419.0 9e-20 1.0
420.0 9e-20 1.0
421.0 9e-20 1.0
422.0 1e-19 1.0
423.0 1.2e-19 1.0
424.0 1e-19 1.0
425.0 8e-20 1.0
426.0 1.5e-19 1.0
427.0 1.5e-19 1.0
428.0 1.3e-19 1.0
429.0 1.2e-19 1.0
430.0 1.8e-19 1.0
431.0 1.4e-19 1.0
432.0 1.6e-19 1.0
433.0 1.9e-19 1.0
434.0 2e-19 1.0
435.0 1.7e-19 1.0
436.0 1.6e-19 1.0
437.0 2e-19 1.0
438.0 2.3e-19 1.0
439.0 2.2e-19 1.0
440.0 2.1e-19 1.0
441.0 2e-19 1.0
442.0 2.3e-19 1.0
443.0 1.9e-19 1.0
444.0 2.1e-19 1.0
445.0 2.2e-19 1.0
446.0 2.6e-19 1.0
447.0 3.1e-19 1.0
448.0 2.6e-19 1.0
449.0 3e-19 1.0
450.0 3.1e-19 1.0
451.0 3.3e-19 1.0
452.0 3.6e-19 1.0
453.0 3.4e-19 1.0
454.0 3.8e-19 1.0
455.0 3.8e-19 1.0
456.0 3.8e-19 1.0
457.0 4.2e-19 1.0
458.0 3.9e-19 1.0
459.0 4.5e-19 1.0
460.0 4.2e-19 1.0
461.0 4.1e-19 1.0
462.0 4.2e-19 1.0
463.0 4.3e-19 1.0
464.0 5.1e-19 1.0
465.0 5.4e-19 1.0
466.0 5.8e-19 1.0
467.0 6.1e-19 1.0
468.0 6e-19 1.0
469.0 6.2e-19 1.0
470.0 6.3e-19 1.0
471.0 6.6e-19 1.0
472.0 6.9e-19 1.0
473.0 6.6e-19 1.0
474.0 6.6e-19 1.0
475.0 7.3e-19 1.0
476.0 8.4e-19 1.0
477.0 8.3e-19 1.0
478.0 7.8e-19 1.0
479.0 7.8e-19 1.0
480.0 7.5e-19 1.0
481.0 7.6e-19 1.0
482.0 7.6e-19 1.0
483.0 7.7e-19 1.0
484.0 8.3e-19 1.0
485.0 8.8e-19 1.0
486.0 9.8e-19 1.0
487.0 9.9e-19 1.0
488.0 1.02e-18 1.0
489.0 1.03e-18 1.0
490.0 1.11e-18 1.0
491.0 1.06e-18 1.0
492.0 1.07e-18 1.0
493.0 1.09e-18 1.0
494.0 1.09e-18 1.0
495.0 1.13e-18 1.0
496.0 1.29e-18 1.0
497.0 1.3e-18 1.0
498.0 1.28e-18 1.0
499.0 1.25e-18 1.0
500.0 1.21e-18 1.0
501.0 1.18e-18 1.0
502.0 1.18e-18 1.0
503.0 1.19e-18 1.0
504.0 1.35e-18 1.0
505.0 1.37e-18 1.0
506.0 1.43e-18 1.0
507.0 1.37e-18 1.0
508.0 1.36e-18 1.0
509.0 1.45e-18 1.0
510.0 1.62e-18 1.0
511.0 1.86e-18 1.0
512.0 1.89e-18 1.0
513.0 1.72e-18 1.0
514.0 1.69e-18 1.0
515.0 1.7e-18 1.0
516.0 1.67e-18 1.0
517.0 1.6e-18 1.0
518.0 1.54e-18 1.0
519.0 1.65e-18 1.0
520.0 1.8e-18 1.0
521.0 1.96e-18 1.0
522.0 2.06e-18 1.0
523.0 1.89e-18 1.0
524.0 1.76e-18 1.0
525.0 1.69e-18 1.0
526.0 1.75e-18 1.0
527.0 1.93e-18 1.0
528.0 2.25e-18 1.0
529.0 2.57e-18 1.0
530.0 2.39e-18 1.0
531.0 2.24e-18 1.0
532.0 2.16e-18 1.0
533.0 2.09e-18 1.0
534.0 2.18e-18 1.0
535.0 2.47e-18 1.0
536.0 2.75e-18 1.0
537.0 2.76e-18 1.0
538.0 2.51e-18 1.0
539.0 2.19e-18 1.0
540.0 2.25e-18 1.0
541.0 2.19e-18 1.0
542.0 2.01e-18 1.0
543.0 1.8e-18 1.0
544.0 1.83e-18 1.0
545.0 2.1e-18 1.0
546.0 2.6e-18 1.0
547.0 3.12e-18 1.0
548.0 3.2e-18 1.0
549.0 2.9e-18 1.0
550.0 2.65e-18 1.0
551.0 2.61e-18 1.0
552.0 2.64e-18 1.0
553.0 2.71e-18 1.0
554.0 2.98e-18 1.0
555.0 3.34e-18 1.0
556.0 3.49e-18 1.0
557.0 3.52e-18 1.0
558.0 3.76e-18 1.0
559.0 3.99e-18 1.0
560.0 3.55e-18 1.0
561.0 3.2e-18 1.0
562.0 3.11e-18 1.0
563.0 3e-18 1.0
564.0 2.91e-18 1.0
565.0 2.92e-18 1.0
566.0 3.05e-18 1.0
567.0 3.01e-18 1.0
568.0 3.05e-18 1.0
569.0 3.1e-18 1.0
570.0 2.99e-18 1.0
571.0 2.96e-18 1.0
572.0 2.94e-18 1.0
573.0 2.98e-18 1.0
574.0 3.06e-18 1.0
575.0 3.3e-18 1.0
576.0 3.5e-18 1.0
577.0 3.62e-18 1.0
578.0 3.54e-18 1.0
579.0 3.47e-18 1.0
580.0 3.58e-18 1.0
581.0 3.8e-18 1.0
582.0 3.51e-18 1.0
583.0 3.14e-18 1.0
584.0 3.02e-18 1.0
585.0 3.1e-18 0.983
586.0 3.55e-18 0.967
587.0 4.46e-18 0.943
588.0 5.4e-18 0.885
589.0 6.56e-18 0.854
590.0 6.38e-18 0.793
591.0 5.83e-18 0.763
592.0 5.48e-18 0.734
593.0 4.9e-18 0.68
594.0 4.49e-18 0.654
595.0 4.6e-18 0.608
596.0 4.95e-18 0.587
597.0 4.67e-18 0.567
598.0 3.93e-18 0.531
599.0 3.33e-18 0.509
600.0 2.96e-18 0.472
601.0 3.07e-18 0.438
602.0 3.55e-18 0.415
603.0 4.08e-18 0.371
604.0 4.68e-18 0.351
605.0 4.67e-18 0.323
606.0 3.55e-18 0.296
607.0 2.58e-18 0.28
608.0 1.98e-18 0.259
609.0 1.84e-18 0.238
610.0 1.89e-18 0.226
611.0 2.04e-18 0.21
612.0 2.39e-18 0.193
613.0 2.82e-18 0.181
614.0 2.73e-18 0.166
615.0 2.42e-18 0.147
616.0 2.24e-18 0.137
617.0 2.26e-18 0.124
618.0 2.56e-18 0.108
619.0 2.74e-18 0.099
620.0 3.5e-18 0.09
621.0 5.62e-18 0.077
622.0 1.09e-17 0.07
623.0 1.578e-17 0.064
624.0 1.291e-17 0.055
625.0 8.98e-18 0.049
626.0 7.83e-18 0.044
627.0 8.06e-18 0.039
628.0 7.89e-18 0.034
629.0 7.48e-18 0.029
630.0 7.24e-18 0.026
631.0 5.18e-18 0.024
632.0 3.5e-18 0.02
633.0 2.33e-18 0.018
634.0 1.76e-18 0.016
635.0 1.54e-18 0.015
636.0 1.81e-18 0.012
637.0 2.22e-18 0.011
638.0 2.17e-18 0.01
639.0 1.69e-18 0.009
640.0 1.32e-18 0.007
641.0 1.08e-18 0.006
642.0 9.9e-19 0.004
643.0 1.04e-18 0.003
644.0 1.02e-18 0.002
645.0 9.2e-19 0.0
