279.7 4.06e-18 0.9
283.7 2.82e-18 0.9
287.8 1.84e-18 0.9
292.0 1.13e-18 0.9
296.3 6.51e-19 0.9
299.0 4.52e-19 0.9
300.0 3.92e-19 0.9
301.0 3.43e-19 0.9
302.0 3.03e-19 0.9
303.0 2.62e-19 0.9
304.0 2.34e-19 0.9
305.0 2.01e-19 0.9
306.0 1.79e-19 0.884
307.0 1.55e-19 0.862
308.0 1.35e-19 0.793
309.0 1.22e-19 0.671
310.0 1.02e-19 0.523
311.0 9.24e-20 0.394
312.0 7.95e-20 0.31
313.0 6.91e-20 0.265
314.0 6.25e-20 0.246
315.0 5.19e-20 0.239
316.0 4.77e-20 0.233
317.0 4.02e-20 0.222
318.0 3.72e-20 0.206
319.0 2.89e-20 0.187
320.0 2.99e-20 0.166
321.0 2.1e-20 0.146
322.5 2.05e-20 0.121
324.5 1.41e-20 0.097
326.5 1.01e-20 0.084
329.0 7.864e-21 0.08
330.0 6.97e-21 0.08
335.0 3.2e-21 0.08
340.0 1.46e-21 0.08
345.0 7.79e-22 0.08
350.0 3.06e-22 0.08
355.0 1.36e-22 0.08
360.0 6.94e-23 0.08
365.0 3.05e-23 0.08
370.0 1.3e-23 0.08
375.0 8.5e-24 0.08
380.0 5.72e-24 0.08
385.0 5.42e-24 0.08
390.0 6.68e-24 0.0
