280.0 4.06e-18 0.1
284.0 2.82e-18 0.1
288.0 1.84e-18 0.1
292.0 1.13e-18 0.1
296.0 6.51e-19 0.1
299.0 4.52e-19 0.1
300.0 3.92e-19 0.1
301.0 3.43e-19 0.1
302.0 3.03e-19 0.1
303.0 2.62e-19 0.1
304.0 2.34e-19 0.1
305.0 2.01e-19 0.1
306.0 1.79e-19 0.116
307.0 1.55e-19 0.138
308.0 1.35e-19 0.207
309.0 1.22e-19 0.329
310.0 1.02e-19 0.477
311.0 9.24e-20 0.606
312.0 7.95e-20 0.69
313.0 6.91e-20 0.735
314.0 6.25e-20 0.754
315.0 5.19e-20 0.761
316.0 4.77e-20 0.767
317.0 4.02e-20 0.778
318.0 3.72e-20 0.794
319.0 2.89e-20 0.813
320.0 2.99e-20 0.834
321.0 2.1e-20 0.854
323.0 2.05e-20 0.88
325.0 1.41e-20 0.904
327.0 1.01e-20 0.916
329.0 7.864e-21 0.92
330.0 6.97e-21 0.92
335.0 3.2e-21 0.92
340.0 1.46e-21 0.92
345.0 7.79e-22 0.92
350.0 3.06e-22 0.92
355.0 1.36e-22 0.92
360.0 6.94e-23 0.92
365.0 3.05e-23 0.92
370.0 1.3e-23 0.92
375.0 8.5e-24 0.92
380.0 5.72e-24 0.92
385.0 5.42e-24 0.92
390.0 6.68e-24 1.0
395.0 9.56e-24 1.0
400.0 1.15e-23 1.0
405.0 1.58e-23 1.0
410.0 2.58e-23 1.0
415.0 2.95e-23 1.0
420.0 3.93e-23 1.0
425.0 6.56e-23 1.0
430.0 6.97e-23 1.0
435.0 8.82e-23 1.0
440.0 1.37e-22 1.0
445.0 1.65e-22 1.0
450.0 1.85e-22 1.0
455.0 2.18e-22 1.0
460.0 3.66e-22 1.0
465.0 3.67e-22 1.0
470.0 4.1e-22 1.0
475.0 4.81e-22 1.0
480.0 7.54e-22 1.0
485.0 8.13e-22 1.0
490.0 8.16e-22 1.0
495.0 9.08e-22 1.0
500.0 1.21e-21 1.0
505.0 1.6e-21 1.0
510.0 1.58e-21 1.0
515.0 1.66e-21 1.0
520.0 1.83e-21 1.0
525.0 2.19e-21 1.0
530.0 2.67e-21 1.0
535.0 2.87e-21 1.0
540.0 2.95e-21 1.0
545.0 3.19e-21 1.0
550.0 3.37e-21 1.0
555.0 3.58e-21 1.0
560.0 3.98e-21 1.0
565.0 4.39e-21 1.0
570.0 4.67e-21 1.0
575.0 4.81e-21 1.0
580.0 4.64e-21 1.0
585.0 4.46e-21 1.0
590.0 4.47e-21 1.0
595.0 4.76e-21 1.0
600.0 5.13e-21 1.0
605.0 5.14e-21 1.0
610.0 4.78e-21 1.0
615.0 4.38e-21 1.0
620.0 4.06e-21 1.0
625.0 3.82e-21 1.0
630.0 3.56e-21 1.0
635.0 3.27e-21 1.0
640.0 2.97e-21 1.0
645.0 2.71e-21 1.0
650.0 2.51e-21 1.0
655.0 2.31e-21 1.0
660.0 2.1e-21 1.0
665.0 1.9e-21 1.0
670.0 1.7e-21 1.0
675.0 1.51e-21 1.0
680.0 1.37e-21 1.0
685.0 1.26e-21 1.0
690.0 1.13e-21 1.0
695.0 9.89e-22 1.0
700.0 8.68e-22 1.0
705.0 7.84e-22 1.0
710.0 7.31e-22 1.0
715.0 6.96e-22 1.0
720.0 6.22e-22 1.0
725.0 5.43e-22 1.0
730.0 4.78e-22 1.0
735.0 4.42e-22 1.0
740.0 4.32e-22 1.0
745.0 4.47e-22 1.0
750.0 4.25e-22 1.0
755.0 3.38e-22 1.0
760.0 2.86e-22 1.0
765.0 2.62e-22 1.0
770.0 2.6e-22 1.0
775.0 2.94e-22 1.0
780.0 3.18e-22 1.0
785.0 2.62e-22 1.0
790.0 2.08e-22 1.0
795.0 1.73e-22 1.0
800.0 1.57e-22 1.0
805.0 1.56e-22 1.0
810.0 1.86e-22 1.0
815.0 2.21e-22 1.0
820.0 2.06e-22 1.0
825.0 1.45e-22 1.0
830.0 8.4e-23 1.0
835.0 2.3e-23 1.0
840.0 0.0 1.0
