210.0 3.81e-19 1
212.0 3.31e-19 1
214.0 2.95e-19 1
216.0 2.54e-19 1
218.0 2.17e-19 1
220.0 1.89e-19 1
222.0 1.6e-19 1
224.0 1.39e-19 1
226.0 1.2e-19 1
228.0 1.05e-19 1
230.0 9.1e-20 1
232.0 8.01e-20 1
234.0 7.03e-20 1
236.0 6.31e-20 1
238.0 5.61e-20 1
240.0 5.03e-20 1
242.0 4.83e-20 1
244.0 4.31e-20 1
246.0 3.82e-20 1
248.0 3.41e-20 1
250.0 3.05e-20 1
252.0 2.71e-20 1
254.0 2.42e-20 1
256.0 2.16e-20 1
258.0 1.93e-20 1
260.0 1.71e-20 1
262.0 1.53e-20 1
264.0 1.35e-20 1
266.0 1.21e-20 1
268.0 1.06e-20 1
270.0 9.45e-21 1
272.0 8.35e-21 1
274.0 7.42e-21 1
276.0 6.51e-21 1
278.0 5.74e-21 1
280.0 5.06e-21 1
282.0 4.44e-21 1
284.0 3.86e-21 1
286.0 3.34e-21 1
288.0 2.97e-21 1
290.0 2.56e-21 1
292.0 2.26e-21 1
294.0 1.93e-21 1
296.0 1.7e-21 1
298.0 1.41e-21 1
300.0 1.23e-21 1
302.0 1.07e-21 1
304.0 9.4e-22 1
306.0 7.8e-22 1
308.0 6.9e-22 1
310.0 6.2e-22 1
312.0 4.5e-22 1
314.0 4.4e-22 1
316.0 4e-22 1
318.0 3.5e-22 1
320.0 2.5e-22 1
322.0 2e-22 1
324.0 2e-22 1
326.0 1.7e-22 1
328.0 1.4e-22 1
330.0 9e-23 1
332.0 1.1e-22 1
334.0 1.1e-22 1
336.0 9e-23 1
338.0 9e-23 1
340.0 6e-23 1
342.0 3e-23 1
344.0 0.0 1
