280.0 1.46e-20 1
282.0 1.21e-20 1
284.0 1.01e-20 1
286.0 8.1e-21 1
288.0 6.48e-21 1
290.0 5.37e-21 1
292.0 4.47e-21 1
294.0 3.69e-21 1
296.0 2.97e-21 1
298.0 2.45e-21 1
300.0 1.89e-21 1
302.0 1.52e-21 1
304.0 1.25e-21 1
306.0 9.98e-22 1
308.0 8.16e-22 1
310.0 6.66e-22 1
312.0 5.38e-22 1
314.0 4.62e-22 1
316.0 3.63e-22 1
318.0 3e-22 1
320.0 2.52e-22 1
322.0 1.99e-22 1
324.0 1.66e-22 1
326.0 1.4e-22 1
328.0 1.17e-22 1
330.0 1.06e-22 1
332.0 8.57e-23 1
334.0 6.76e-23 1
336.0 6.15e-23 1
338.0 5.26e-23 1
340.0 5.02e-23 1
342.0 3.6e-23 1
344.0 2.41e-23 1
346.0 2.31e-23 1
348.0 2.47e-23 1
350.0 1.65e-23 1
354.0 0.0 1
