214.0 1.356e-18 1
216.0 1.156e-18 1
218.0 1.004e-18 1
220.0 8.653e-19 1
222.0 7.508e-19 1
224.0 6.514e-19 1
226.0 5.721e-19 1
228.0 4.989e-19 1
230.0 4.387e-19 1
232.0 3.855e-19 1
234.0 3.383e-19 1
236.0 2.971e-19 1
238.0 2.6e-19 1
240.0 2.279e-19 1
242.0 1.998e-19 1
244.0 1.756e-19 1
246.0 1.545e-19 1
248.0 1.365e-19 1
250.0 1.204e-19 1
252.0 1.063e-19 1
254.0 9.391e-20 1
256.0 8.345e-20 1
258.0 7.388e-20 1
260.0 6.542e-20 1
262.0 5.755e-20 1
264.0 5.048e-20 1
266.0 4.432e-20 1
268.0 3.876e-20 1
270.0 3.38e-20 1
272.0 2.934e-20 1
274.0 2.539e-20 1
276.0 2.193e-20 1
278.0 1.888e-20 1
280.0 1.613e-20 1
282.0 1.369e-20 1
284.0 1.154e-20 1
286.0 9.702e-21 1
288.0 8.166e-21 1
290.0 6.854e-21 1
292.0 5.714e-21 1
294.0 4.799e-21 1
296.0 4.047e-21 1
298.0 3.387e-21 1
300.0 2.851e-21 1
302.0 2.384e-21 1
304.0 2.012e-21 1
306.0 1.701e-21 1
308.0 1.43e-21 0.39
310.0 1.202e-21 1
312.0 1.016e-21 1
314.0 8.838e-22 1
316.0 7.307e-22 1
318.0 6.068e-22 1
320.0 5.23e-22 1
322.0 4.728e-22 1
324.0 3.788e-22 1
326.0 3.024e-22 1
328.0 2.602e-22 1
330.0 2.22e-22 1
332.0 1.88e-22 1
334.0 1.581e-22 1
336.0 1.161e-22 1
338.0 9.796e-23 1
340.0 7.201e-23 1
345.0 0.0 1
