 2.8880E-01  0.0000E+00
  2.8886E-01  8.1940E-05
  2.8894E-01  1.5610E-04
  2.8897E-01  3.2440E-04
  2.8902E-01  4.6170E-04
  2.8906E-01  6.2830E-04
  2.8911E-01  8.0860E-04
  2.8916E-01  9.1310E-04
  2.8923E-01  9.9280E-04
  2.8936E-01  1.0180E-03
  2.8946E-01  1.0050E-03
  2.8956E-01  9.4250E-04
  2.8960E-01  7.8080E-04
  2.8962E-01  5.7330E-04
  2.8968E-01  3.9790E-04
  2.8973E-01  1.9350E-04
  2.8975E-01  4.2990E-05
  2.8985E-01  3.9890E-05
  2.9005E-01  0.0000E+00
0.2910 2.256E-05
0.2915 6.356E-05
0.2920 8.912E-05
0.2925 1.650E-04
0.2930 1.483E-04
0.2935 7.404E-05
0.2940 7.357E-05   
0.29412 9.119E-05
0.29430 6.802E-05
0.29448 1.219E-04
0.29470 1.328E-04
0.29491 9.659E-05
0.29504 1.428E-04
0.29520 1.338E-04
0.29530 1.818E-04
0.29546 1.468E-04
0.29564 1.508E-04
0.29581 1.808E-04
0.29596 2.657E-04
0.29602 3.616E-04
0.29609 5.084E-04
0.29616 6.133E-04
0.29618 9.439E-04
0.29622 1.568E-03
0.29625 2.377E-03
0.29635 3.106E-03
0.29635 3.756E-03
0.29642 4.305E-03
0.29647 4.864E-03
0.29650 5.304E-03
0.29657 5.683E-03
0.29657 6.113E-03
0.29660 6.313E-03
0.29662 6.542E-03
0.29666 6.722E-03
0.29668 6.782E-03
0.29669 6.822E-03
0.29672 6.742E-03
0.29675 6.742E-03
0.29677 6.792E-03
0.29678 6.842E-03
0.29686 6.852E-03
0.29687 6.792E-03
0.29693 6.622E-03
0.29694 5.973E-03
0.29695 5.284E-03
0.29696 4.365E-03
0.29697 2.477E-03
0.29702 2.707E-04
0.29709 2.467E-04
0.29720 1.998E-04
0.29737 1.618E-04
0.29741 2.277E-04
0.29751 2.657E-04
0.29763 2.547E-04
0.29770 2.128E-04
0.29783 2.058E-04
0.29793 2.367E-04
0.29809 2.747E-04
0.29825 3.146E-04
0.29842 3.306E-04
0.29849 3.306E-04
0.29857 3.236E-04
0.29864 2.867E-04
0.29871 3.106E-04
0.29873 3.826E-04
0.29876 4.535E-04
0.29884 4.794E-04
0.29885 4.025E-04
0.29889 3.396E-04
0.29897 3.905E-04
0.29903 4.495E-04
0.29917 4.365E-04
0.29929 4.425E-04
0.29946 4.625E-04
0.29965 4.894E-04
0.29981 5.164E-04
0.30004 5.394E-04
0.30017 5.963E-04
0.30021 5.514E-04
0.30043 5.883E-04
0.30059 6.153E-04
0.30077 6.662E-04
0.30086 7.721E-04
0.30090 8.630E-04
0.30099 8.031E-04
0.30110 8.850E-04
0.30120 9.389E-04
0.30127 1.029E-03
0.30133 1.179E-03
0.30141 1.398E-03
0.30146 1.838E-03
0.30148 2.227E-03
0.30151 2.657E-03
0.30152 3.076E-03
0.30157 3.756E-03
0.30160 4.295E-03
0.30163 4.774E-03
0.30166 5.224E-03
0.30168 5.554E-03
0.30170 5.913E-03
0.30172 6.233E-03
0.30175 6.592E-03
0.30176 6.972E-03
0.30180 7.252E-03
0.30184 8.061E-03
0.30184 7.721E-03
0.30186 7.531E-03
0.30187 7.901E-03
0.30189 8.171E-03
0.30192 8.310E-03
0.30194 8.680E-03
0.30195 8.450E-03
0.30196 8.570E-03
0.30198 8.910E-03
0.30198 8.810E-03
0.30202 8.960E-03
0.30204 9.040E-03
0.30205 9.129E-03
0.30208 9.219E-03
0.30214 9.279E-03
0.30216 9.219E-03
0.30218 9.119E-03
0.30220 9.020E-03
0.30220 8.470E-03
0.30228 4.435E-03
0.30228 2.937E-03
0.30232 2.427E-03
0.30234 2.237E-03
0.30235 1.878E-03
0.30236 2.078E-03
0.30242 1.768E-03
0.30281 1.109E-03
0.30325 1.269E-03
0.30379 1.418E-03
0.30437 1.628E-03
0.30495 2.148E-03
0.30555 2.547E-03
0.30616 3.146E-03
0.30675 3.616E-03
0.30740 4.515E-03
0.30800 5.274E-03
0.30856 6.093E-03
0.30912 6.652E-03
0.30980 7.811E-03
0.31034 8.630E-03
0.31076 9.559E-03
0.31109 1.009E-02
0.31140 1.059E-02
0.31163 1.149E-02
0.31186 1.269E-02
0.31196 1.448E-02
0.31206 1.768E-02
0.31212 2.207E-02
0.31213 2.927E-02
0.31219 3.646E-02
0.31222 4.874E-02
0.31224 6.532E-02
0.31224 5.793E-02
0.31226 7.222E-02
0.31234 8.630E-02
0.31235 8.530E-02
0.31235 7.971E-02
0.31236 8.680E-02
0.31241 8.740E-02
0.31244 8.780E-02
0.31251 8.790E-02
0.31254 8.780E-02
0.31257 8.820E-02
0.31260 8.850E-02
0.31261 8.900E-02
0.31272 8.890E-02
0.31274 8.810E-02
0.31276 8.750E-02
0.31279 8.650E-02
0.31280 8.540E-02
0.31284 8.700E-02
0.31284 8.900E-02
0.31286 9.050E-02
0.31291 1.039E-01
0.31291 9.988E-02
0.31291 9.329E-02
0.31291 9.599E-02
0.31296 1.159E-01
0.31300 1.119E-01
0.31300 1.209E-01
0.31304 1.229E-01
0.31305 1.239E-01
0.31312 1.239E-01
0.31322 1.239E-01
0.31324 1.229E-01
0.31329 1.219E-01
0.31332 1.199E-01
0.31338 1.149E-01
0.31338 1.059E-01
0.31344 9.579E-02
0.31345 8.480E-02
0.31348 7.361E-02
0.31351 6.453E-02
0.31353 5.214E-02
0.31359 4.335E-02
0.31359 3.226E-02
0.31365 2.467E-02
0.31365 1.868E-02
0.31366 2.048E-02
0.31470 1.588E-02
0.31530 1.618E-02
0.31660 2.028E-02
0.31750 2.727E-02
0.31820 3.096E-02
0.31890 3.826E-02
0.32000 4.285E-02
0.32140 5.623E-02
0.32270 6.822E-02
0.32370 8.200E-02
0.32470 9.109E-02
0.32580 1.049E-01
0.32670 1.189E-01
0.32740 1.298E-01
0.32810 1.388E-01
0.32830 1.438E-01
0.32870 1.498E-01
0.32930 1.598E-01
0.33010 1.698E-01
0.33100 1.838E-01
0.33170 2.008E-01
0.33260 2.148E-01
0.33330 2.287E-01
0.33370 2.407E-01
0.33390 2.517E-01
0.33400 2.607E-01
0.33420 2.707E-01
0.33440 2.717E-01
0.33460 2.667E-01
0.33470 2.647E-01
0.33490 2.647E-01
0.33520 2.717E-01
0.33590 2.837E-01
0.33680 3.046E-01
0.33760 3.256E-01
0.33850 3.436E-01
0.33940 3.656E-01
0.34060 3.945E-01
0.34150 4.135E-01
0.34250 4.305E-01
0.34350 4.495E-01
0.34430 4.595E-01
0.34530 4.735E-01
0.34630 4.844E-01
0.34740 4.934E-01
0.34790 4.964E-01
0.34820 4.984E-01
0.34840 5.014E-01
0.34880 5.044E-01
0.34960 5.084E-01
0.35020 5.104E-01
0.35050 5.104E-01
0.35100 5.114E-01
0.35190 5.164E-01
0.35280 5.194E-01
0.35330 5.214E-01
0.35420 5.224E-01
0.35560 5.204E-01
0.35700 5.094E-01
0.35810 5.004E-01
0.35930 4.814E-01
0.36050 4.655E-01
0.36170 4.435E-01
0.36260 4.295E-01
0.36320 4.205E-01
0.36370 4.115E-01
0.36390 4.065E-01
0.36410 4.065E-01
0.36420 4.105E-01
0.36430 4.155E-01
0.36430 4.245E-01
0.36440 4.405E-01
0.36440 4.585E-01
0.36440 4.904E-01
0.36440 5.623E-01
0.36450 6.223E-01
0.36460 6.652E-01
0.36460 6.782E-01
0.36470 6.812E-01
0.36490 6.822E-01
0.36500 6.562E-01
0.36500 6.183E-01
0.36500 5.454E-01
0.36510 4.894E-01
0.36510 4.615E-01
0.36530 4.495E-01
0.36540 4.405E-01
0.36540 4.245E-01
0.36550 4.105E-01
0.36550 3.985E-01
0.36560 3.876E-01
0.36570 3.915E-01
0.36580 4.005E-01
0.36580 4.105E-01
0.36590 4.175E-01
0.36610 4.175E-01
0.36620 4.125E-01
0.36630 4.015E-01
0.36640 3.866E-01
0.36650 3.676E-01
0.36670 3.606E-01
0.36690 3.526E-01
0.36740 3.466E-01
0.36780 3.406E-01
0.36820 3.366E-01
0.36830 3.306E-01
0.36910 3.206E-01
0.36990 3.076E-01
0.37160 2.827E-01
0.37290 2.657E-01
0.37400 2.447E-01
0.37540 2.257E-01
0.37660 2.078E-01
0.37820 1.828E-01
0.37940 1.638E-01
0.38040 1.518E-01
0.38170 1.358E-01
0.38310 1.239E-01
0.38480 1.089E-01
0.38630 9.589E-02
0.38720 9.079E-02
0.38780 8.870E-02
0.38820 8.320E-02
0.38840 8.011E-02
0.38950 7.401E-02
0.39070 6.982E-02
0.39200 6.103E-02
0.39400 5.034E-02
0.39590 4.335E-02
0.39780 3.626E-02
0.39950 3.186E-02
0.40110 2.737E-02
0.40220 2.587E-02
0.40300 2.427E-02
0.40340 2.567E-02
0.40360 3.396E-02
0.40370 4.465E-02
0.40380 6.532E-02
0.40380 1.289E-01
0.40390 2.407E-01
0.40400 4.455E-01
0.40410 6.632E-01
0.40410 7.871E-01
0.40410 8.220E-01
0.40420 8.340E-01
0.40440 8.350E-01
0.40440 8.230E-01
0.40440 8.061E-01
0.40450 7.671E-01
0.40450 6.762E-01
0.40460 4.475E-01
0.40460 2.148E-01
0.40460 4.774E-02
0.40470 2.227E-02
0.40500 2.048E-02
0.40540 1.818E-02
0.40600 1.408E-02
0.40660 1.368E-02
0.40710 1.758E-02
0.40710 2.038E-02
0.40720 3.606E-02
0.40730 4.655E-02
0.40730 5.604E-02
0.40750 6.043E-02
0.40760 5.953E-02
0.40770 5.524E-02
0.40780 4.385E-02
0.40780 2.627E-02
0.40790 8.111E-03
0.40820 1.009E-02
0.40940 8.700E-03
0.41030 9.249E-03
0.41370 5.504E-03
0.41540 6.083E-03
0.41890 2.088E-03
0.42220 0.000E+00
0.43450 0.000E+00
0.43460 1.069E-02
0.43480 1.199E-02
0.43500 2.277E-02
0.43510 3.556E-02
0.43520 6.602E-02
0.43530 1.269E-01
0.43540 1.928E-01
0.43540 3.007E-01
0.43550 5.074E-01
0.43550 9.309E-01
0.43550 2.098E+00
0.43560 2.597E+00
0.43560 2.707E+00
0.43560 2.757E+00
0.43570 2.787E+00
0.43580 2.797E+00
0.43590 2.797E+00
0.43600 2.777E+00
0.43600 2.707E+00
0.43600 2.197E+00
0.43610 1.568E+00
0.43620 9.389E-01
0.43620 3.036E-01
0.43630 7.911E-02
0.43630 1.928E-02
0.43650 5.803E-03
0.48550 9.229E-04
0.48600 9.432E-04
0.48650 9.557E-04
0.48700 9.420E-04
0.48750 9.298E-04
0.48800 9.358E-04
0.48850 9.593E-04
0.48900 9.804E-04
0.48950 9.682E-04
0.49000 9.766E-04
0.49050 9.589E-04
0.49100 1.370E-03
0.49150 3.414E-03
0.49200 7.013E-03
0.49250 4.978E-03
0.49300 1.188E-03
0.49350 9.174E-04
0.49400 8.987E-04
0.49450 9.004E-04
0.49500 8.977E-04
0.49550 8.715E-04
0.49600 8.759E-04
0.49650 8.693E-04
0.49700 8.741E-04
0.49750 8.979E-04
0.49800 8.624E-04
0.49850 9.175E-04
0.49900 8.895E-04
0.49950 8.726E-04
0.50000 8.877E-04
0.50050 8.485E-04
0.50100 8.776E-04
0.50150 8.613E-04
0.50200 8.582E-04
0.50250 8.443E-04
0.50300 9.206E-04
0.50350 9.032E-04
0.50400 8.280E-04
0.50450 8.437E-04
0.50500 8.240E-04
0.50550 8.293E-04
0.50600 8.534E-04
0.50650 8.128E-04
0.50700 8.193E-04
0.50750 8.273E-04
0.50800 8.261E-04
0.50850 7.866E-04
0.50900 7.869E-04
0.50950 8.225E-04
0.51000 8.160E-04
0.51050 7.690E-04
0.51100 8.038E-04
0.51150 7.766E-04
0.51200 8.448E-04
0.51250 8.033E-04
0.51300 8.155E-04
0.51350 7.800E-04
0.51400 7.947E-04
0.51450 8.101E-04
0.51500 7.668E-04
0.51550 7.593E-04
0.51600 7.527E-04
0.51650 7.608E-04
0.51700 7.706E-04
0.51750 7.409E-04
0.51800 7.992E-04
0.51850 7.588E-04
0.51900 7.591E-04
0.51950 7.941E-04
0.52000 7.469E-04
0.52050 7.493E-04
0.52100 7.521E-04
0.52150 7.789E-04
0.52200 7.382E-04
0.52250 7.290E-04
0.52300 7.903E-04
0.52350 7.275E-04
0.52400 7.585E-04
0.52450 7.309E-04
0.52500 7.566E-04
0.52550 7.298E-04
0.52600 7.435E-04
0.52650 7.182E-04
0.52700 7.152E-04
0.52750 6.941E-04
0.52800 7.224E-04
0.52850 7.033E-04
0.52900 7.641E-04
0.52950 7.017E-04
0.53000 6.961E-04
0.53050 6.816E-04
0.53100 7.290E-04
0.53150 7.137E-04
0.53200 7.785E-04
0.53250 7.467E-04
0.53300 7.026E-04
0.53350 7.011E-04
0.53400 7.302E-04
0.53450 6.600E-04
0.53500 7.413E-04
0.53550 7.790E-04
0.53600 9.104E-04
0.53650 7.400E-04
0.53700 6.737E-04
0.53750 7.008E-04
0.53800 6.716E-04
0.53850 6.970E-04
0.53900 7.045E-04
0.53950 7.026E-04
0.54000 6.933E-04
0.54050 6.970E-04
0.54100 6.770E-04
0.54150 6.385E-04
0.54200 7.596E-04
0.54250 7.663E-04
0.54300 8.481E-04
0.54350 1.063E-03
0.54400 1.308E-03
0.54450 1.842E-03
0.54500 3.701E-03
0.54550 8.321E-02
0.54600 4.860E-01
0.54650 9.569E-01
0.54700 4.756E-01
0.54750 3.411E-02
0.54800 2.050E-03
0.54850 1.009E-03
0.54900 8.196E-04
0.54950 7.265E-04
0.55000 6.944E-04
0.55050 7.108E-04
0.55100 6.856E-04
0.55150 6.744E-04
0.55200 6.750E-04
0.55250 7.046E-04
0.55300 6.538E-04
0.55350 6.606E-04
0.55400 6.999E-04
0.55450 7.177E-04
0.55500 6.672E-04
0.55550 6.788E-04
0.55600 6.349E-04
0.55650 6.885E-04
0.55700 6.692E-04
0.55750 6.065E-04
0.55800 6.965E-04
0.55850 6.901E-04
0.55900 6.272E-04
0.55950 6.380E-04
0.56000 6.537E-04
0.56050 6.418E-04
0.56100 6.490E-04
0.56150 6.732E-04
0.56200 6.257E-04
0.56250 6.602E-04
0.56300 5.999E-04
0.56350 6.475E-04
0.56400 6.471E-04
0.56450 6.558E-04
0.56500 6.272E-04
0.56550 6.480E-04
0.56600 6.049E-04
0.56650 6.248E-04
0.56700 6.915E-04
0.56750 8.138E-04
0.56800 9.589E-04
0.56850 7.819E-04
0.56900 6.597E-04
0.56950 6.200E-04
0.57000 6.391E-04
0.57050 6.107E-04
0.57100 6.497E-04
0.57150 5.981E-04
0.57200 6.754E-04
0.57250 5.964E-04
0.57300 6.306E-04
0.57350 6.489E-04
0.57400 6.495E-04
0.57450 6.970E-04
0.57500 6.986E-04
0.57550 7.933E-04
0.57600 1.071E-03
0.57650 1.273E-02
0.57700 7.771E-02
0.57750 1.447E-01
0.57800 6.205E-02
0.57850 1.166E-02
0.57900 5.319E-02
0.57950 1.273E-01
0.58000 7.097E-02
0.58050 7.403E-03
0.58100 9.287E-04
0.58150 7.328E-04
0.58200 6.516E-04
0.58250 6.693E-04
0.58300 6.111E-04
0.58350 6.473E-04
0.58400 6.668E-04
0.58450 6.252E-04
0.58500 6.438E-04
0.58550 6.295E-04
0.58600 7.231E-04
0.58650 7.302E-04
0.58700 7.080E-04
0.58750 6.769E-04
0.58800 6.583E-04
0.58850 6.407E-04
0.58900 6.281E-04
0.58950 5.739E-04
0.59000 5.940E-04
0.59050 5.589E-04
0.59100 5.768E-04
0.59150 6.054E-04
0.59200 5.556E-04
0.59250 5.999E-04
0.59300 5.867E-04
0.59350 5.721E-04
0.59400 5.443E-04
0.59450 5.821E-04
0.59500 6.071E-04
0.59550 5.433E-04
0.59600 5.873E-04
0.59650 6.224E-04
0.59700 5.148E-04
0.59750 5.978E-04
0.59800 5.793E-04
0.59850 5.080E-04
0.59900 5.536E-04
0.59950 5.546E-04
0.60000 5.593E-04
0.60050 5.617E-04
0.60100 5.693E-04
0.60150 5.368E-04
0.60200 4.943E-04
0.60250 5.822E-04
0.60300 5.463E-04
0.60350 5.358E-04
0.60400 5.280E-04
0.60450 5.414E-04
0.60500 5.347E-04
0.60550 5.207E-04
0.60600 5.187E-04
0.60650 5.023E-04
0.60700 5.996E-04
0.60750 9.672E-04
0.60800 7.445E-04
0.60850 5.218E-04
0.60900 4.835E-04
0.60950 4.689E-04
0.61000 4.750E-04
0.61050 5.027E-04
0.61100 5.002E-04
0.61150 4.696E-04
0.61200 5.880E-04
0.61250 1.190E-03
0.61300 1.375E-03
0.61350 5.943E-04
0.61400 4.953E-04
0.61450 4.689E-04
0.61500 4.681E-04
0.61550 4.774E-04
0.61600 4.755E-04
0.61650 4.583E-04
0.61700 4.536E-04
0.61750 4.479E-04
0.61800 4.807E-04
0.61850 4.787E-04
0.61900 3.985E-04
0.61950 4.228E-04
0.62000 5.061E-04
0.62050 4.275E-04
0.62100 4.946E-04
0.62150 4.297E-04
0.62200 4.954E-04
0.62250 3.992E-04
0.62300 4.753E-04
0.62350 9.788E-04
0.62400 1.271E-03
0.62450 5.594E-04
0.62500 4.596E-04
0.62550 4.078E-04
0.62600 4.537E-04
0.62650 4.672E-04
0.62700 4.749E-04
0.62750 4.461E-04
0.62800 4.038E-04
0.62850 4.281E-04
0.62900 4.111E-04
0.62950 4.215E-04
0.63000 4.463E-04
0.63050 4.153E-04
0.63100 4.110E-04
0.63150 4.595E-04
0.63200 4.331E-04
0.63250 4.667E-04
0.63300 3.984E-04
0.63350 4.189E-04
0.63400 4.582E-04
0.63450 4.110E-04
0.63500 4.023E-04
0.63550 3.887E-04
0.63600 4.015E-04
0.63650 4.203E-04
0.63700 3.166E-04
0.63750 3.900E-04
0.63800 3.828E-04
0.63850 4.196E-04
0.63900 3.514E-04
0.63950 4.097E-04
0.64000 3.895E-04
0.64050 3.717E-04
0.64100 3.804E-04
0.64150 3.748E-04
0.64200 4.492E-04
0.64250 4.220E-04
0.64300 3.795E-04
0.64350 3.519E-04
0.64400 4.151E-04
0.64450 3.101E-04
0.64500 3.984E-04
0.64550 3.522E-04
0.64600 3.350E-04
0.64650 3.929E-04
0.64700 3.606E-04
0.64750 3.526E-04
0.64800 3.156E-04
0.64850 3.653E-04
0.64900 3.574E-04
0.64950 3.446E-04
0.65000 3.790E-04
0.65050 4.098E-04
0.65100 4.277E-04
0.65150 4.490E-04
0.65200 4.256E-04
0.65250 3.968E-04
0.65300 4.366E-04
0.65350 3.908E-04
0.65400 3.961E-04
0.65450 3.986E-04
0.65500 4.360E-04
0.65550 4.101E-04
0.65600 3.708E-04
0.65650 4.493E-04
0.65700 4.463E-04
0.65750 4.697E-04
0.65800 4.665E-04
0.65850 5.091E-04
0.65900 4.863E-04
0.65950 4.359E-04
0.66000 4.717E-04
0.66050 4.315E-04
0.66100 4.500E-04
0.66150 4.497E-04
0.66200 3.814E-04
0.66250 3.522E-04
0.66300 3.929E-04
0.66350 4.131E-04
0.66400 3.913E-04
0.66450 3.506E-04
0.66500 3.984E-04
0.66550 3.661E-04
0.66600 3.799E-04
0.66650 3.748E-04
0.66700 3.010E-04
0.66750 3.041E-04
0.66800 3.558E-04
0.66850 4.026E-04
0.66900 2.841E-04
0.66950 3.177E-04
0.67000 2.630E-04
0.67050 3.009E-04
0.67100 3.087E-04
0.67150 5.721E-04
0.67200 1.679E-03
0.67250 8.811E-04
0.67300 2.813E-04
0.67350 3.362E-04
0.67400 2.709E-04
0.67450 2.560E-04
0.67500 2.498E-04
0.67550 3.008E-04
0.67600 3.161E-04
0.67650 1.851E-04
0.67700 3.073E-04
0.67750 2.650E-04
0.67800 2.126E-04
0.67850 1.988E-04
0.67900 2.625E-04
0.67950 3.221E-04
0.68000 2.425E-04
0.68050 2.894E-04
0.68100 2.554E-04
0.68150 2.282E-04
0.68200 2.388E-04
0.68250 2.111E-04
0.68300 2.878E-04
0.68350 2.558E-04
0.68400 2.305E-04
0.68450 1.900E-04
0.68500 2.310E-04
0.68550 2.132E-04
0.68600 2.070E-04
0.68650 2.317E-04
0.68700 2.698E-04
0.68750 1.741E-04
0.68800 2.621E-04
0.68850 2.177E-04
0.68900 2.658E-04
0.68950 2.814E-04
0.69000 2.811E-04
0.69050 1.569E-03
0.69100 1.193E-02
0.69150 9.494E-03
0.69200 1.028E-03
0.69250 2.925E-04
0.69300 2.697E-04
0.69350 2.296E-04
0.69400 2.829E-04
0.69450 1.578E-04
0.69500 1.876E-04
0.69550 1.668E-04
0.69600 2.155E-04
0.69650 4.140E-04
0.69700 6.564E-04
0.69750 3.791E-04
0.69800 1.546E-04
0.69850 1.429E-04
0.69900 1.192E-04
0.69950 1.923E-04
0.70000 2.547E-04
0.70050 2.547E-04
0.70100 1.139E-04
0.70150 1.637E-04
0.70200 1.947E-04
0.70250 1.533E-04
0.70300 1.711E-04
0.70350 1.713E-04
0.70400 2.204E-04
0.70450 1.854E-04
0.70500 1.869E-04
0.70550 1.520E-04
0.70600 7.815E-05
0.70650 2.011E-04
0.70700 5.861E-04
0.70750 3.546E-04
0.70800 6.887E-04
0.70850 2.906E-03
0.70900 1.426E-03
0.70950 1.377E-03
0.71000 6.709E-04
0.71050 3.114E-04
0.71100 2.490E-04
0.71150 2.374E-04
0.71200 1.807E-04
0.71250 1.048E-04
0.71300 1.471E-04
0.71350 1.836E-04
0.71400 1.387E-04
0.71450 1.749E-04
0.71500 1.855E-04
0.71550 1.398E-04
0.71600 1.977E-04
0.71650 1.529E-04
0.71700 1.661E-04
0.71750 1.540E-04
0.71800 2.190E-04
0.71850 1.290E-04
0.71900 1.255E-04
0.71950 2.123E-04
0.72000 1.190E-04
0.722   0.00030
 0.724   0.00031
 0.726   0.00055
 0.728   0.00058
 0.730   0.00036
 0.732   0.00028
 0.734   0.00030
 0.736   0.00119
 0.738   0.00272
 0.740   0.00212
 0.742   0.00054
 0.744   0.00033
 0.746   0.00033
 0.748   0.00116
 0.750   0.00413
 0.752   0.00406
 0.754   0.00144
 0.756   0.00036
 0.758   0.00031
 0.760   0.00080
 0.762   0.00708
 0.764   0.01002
 0.766   0.00379
 0.768   0.00050
 0.770   0.00192
 0.772   0.00425
 0.774   0.00333
 0.776   0.00066
 0.778   0.00030
 0.780   0.00032
 0.782   0.00031
 0.784   0.00027
 0.786   0.00032
 0.788   0.00034
 0.790   0.00031
 0.792   0.00124
 0.794   0.00401
 0.796   0.00378
 0.798   0.00192
 0.800   0.00562
 0.802   0.00761
 0.804   0.00304
 0.806   0.00063
 0.808   0.00277
 0.810   0.01868
 0.812   0.02507
 0.814   0.00975
 0.816   0.00103
 0.818   0.00041
 0.820   0.00041
 0.822   0.00030
 0.824   0.00135
 0.826   0.00286
 0.828   0.00232
 0.830   0.00049
 0.832   0.00043
 0.834   0.00040
 0.836   0.00034
 0.838   0.00184
 0.840   0.01003
 0.842   0.01502
 0.844   0.00824
 0.846   0.00131
 0.848   0.00040
 0.850   0.00169