0.280 2.79e-19 1
0.285 2.56e-19 1
0.290 2.32e-19 1
0.295 2.08e-19 1
0.300 1.86e-19 1
0.305 1.65e-19 1
0.310 1.45e-19 1
0.315 1.27e-19 1
0.320 1.13e-19 1
0.325 1.02e-19 1
0.330 9.32e-20 1
0.335 8.62e-20 1
0.340 8.06e-20 1
0.345 7.57e-20 1
0.350 7.01e-20 1
0.355 6.52e-20 1
0.360 5.99e-20 1
0.365 5.43e-20 1
0.370 4.89e-20 1
0.375 4.35e-20 1
0.380 3.85e-20 1
0.385 3.37e-20 1
0.390 2.97e-20 1
0.395 2.59e-20 1
0.400 2.28e-20 1
0.405 2.01e-20 1
0.410 1.81e-20 1
0.415 1.65e-20 1
0.420 1.50e-20 1
0.425 1.38e-20 1
0.430 1.29e-20 1
0.435 1.20e-20 1
0.440 1.11e-20 1
0.445 1.03e-20 1
0.450 9.28e-21 1
0.455 8.31e-21 1
0.460 7.42e-21 1
0.465 6.52e-21 1
0.470 5.66e-21 1
0.475 4.61e-21 1
0.480 3.92e-21 1
0.485 3.97e-21 1
0.490 2.49e-21 1
0.495 2.07e-21 1
0.500 1.50e-21 1
0.513 0.00e+00 1
