0.280 8.80e-19 1
0.285 6.30e-19 1
0.290 4.40e-19 1
0.295 3.00e-19 1
0.300 2.00e-19 1
0.305 1.50e-19 1
0.310 1.10e-19 1
0.315 1.10e-19 1
0.320 1.00e-19 1
0.325 1.20e-19 1
0.330 1.30e-19 1
0.335 1.40e-19 1
0.340 1.60e-19 1
0.345 1.50e-19 1
0.350 1.60e-19 1
0.355 1.60e-19 1
0.360 1.80e-19 1
0.365 1.90e-19 1
0.370 1.70e-19 1
0.375 1.80e-19 1
0.380 1.70e-19 1
0.385 1.70e-19 1
0.390 1.60e-19 1
0.395 1.50e-19 1
0.400 1.40e-19 1
0.405 1.40e-19 1
0.410 1.30e-19 1
0.415 1.20e-19 1
0.420 1.10e-19 1
0.425 1.00e-19 1
0.430 9.00e-20 1
0.435 8.00e-20 1
0.440 7.00e-20 1
0.445 7.00e-20 1
0.450 6.00e-20 1
0.480 0.00e+00 1
