0.280 1.460E-20 1
0.282 1.210E-20 1
0.284 1.010E-20 1
0.286 8.100E-21 1
0.288 6.480E-21 1
0.290 5.370E-21 1
0.292 4.470E-21 1
0.294 3.690E-21 1
0.296 2.970E-21 1
0.298 2.450E-21 1
0.300 1.890E-21 1
0.302 1.520E-21 1
0.304 1.250E-21 1
0.306 9.980E-22 1
0.308 8.160E-22 1
0.310 6.660E-22 1
0.312 5.380E-22 1
0.314 4.620E-22 1
0.316 3.630E-22 1
0.318 3.000E-22 1
0.320 2.520E-22 1
0.322 1.990E-22 1
0.324 1.660E-22 1
0.326 1.400E-22 1
0.328 1.170E-22 1
0.330 1.060E-22 1
0.332 8.570E-23 1
0.334 6.760E-23 1
0.336 6.150E-23 1
0.338 5.260E-23 1
0.340 5.020E-23 1
0.342 3.600E-23 1
0.344 2.410E-23 1
0.346 2.310E-23 1
0.348 2.470E-23 1
0.350 1.650E-23 1
0.354 0.000E+00 1
