0.280 3.491E-18 1
0.281 3.267E-18 1
0.282 3.131E-18 1
0.283 2.705E-18 1
0.284 2.656E-18 1
0.285 2.643E-18 1
0.286 2.569E-18 1
0.287 2.599E-18 1
0.288 2.810E-18 1
0.289 2.400E-18 1
0.290 1.998E-18 1
0.291 1.410E-18 1
0.292 8.250E-19 1
0.293 6.120E-19 1
0.294 3.990E-19 1
0.295 2.780E-19 1
0.296 1.570E-19 1
0.297 1.340E-19 1
0.298 1.100E-19 1
0.299 9.200E-20 1
0.300 7.400E-20 1
0.301 6.900E-20 1
0.302 6.500E-20 1
0.303 6.600E-20 1
0.304 6.800E-20 1
0.305 7.100E-20 1
0.306 7.300E-20 1
0.307 7.400E-20 1
0.308 7.400E-20 1
0.309 7.300E-20 1
0.310 7.200E-20 1
0.311 6.800E-20 1
0.312 6.800E-20 1
0.313 7.000E-20 1
0.314 8.100E-20 1
0.315 8.900E-20 1
0.316 9.200E-20 1
0.317 9.300E-20 1
0.318 9.100E-20 1
0.319 8.700E-20 1
0.320 8.600E-20 1
0.321 8.400E-20 1
0.322 8.500E-20 1
0.323 8.900E-20 1
0.324 9.100E-20 1
0.325 9.700E-20 1
0.326 1.000E-19 1
0.327 1.000E-19 1
0.328 1.000E-19 1
0.329 1.000E-19 1
0.330 9.300E-20 1
0.331 9.000E-20 1
0.332 8.700E-20 1
0.333 8.500E-20 1
0.334 8.600E-20 1
0.335 8.900E-20 1
0.336 9.300E-20 1
0.337 9.700E-20 1
0.338 1.010E-19 1
0.339 1.040E-19 1
0.340 1.000E-19 1
0.341 9.400E-20 1
0.342 8.600E-20 1
0.343 8.300E-20 1
0.344 7.900E-20 1
0.345 7.400E-20 1
0.346 7.000E-20 1
0.347 6.500E-20 1
0.348 6.100E-20 1
0.349 6.100E-20 1
0.350 6.300E-20 1
0.351 7.000E-20 1
0.352 7.600E-20 1
0.353 8.300E-20 1
0.354 8.400E-20 1
0.355 7.300E-20 1
0.356 6.200E-20 1
0.357 5.500E-20 1
0.358 4.800E-20 1
0.359 4.100E-20 1
0.360 3.300E-20 1
0.361 3.100E-20 1
0.362 2.900E-20 1
0.363 2.600E-20 1
0.364 2.400E-20 1
0.365 2.400E-20 1
0.366 2.500E-20 1
0.367 2.700E-20 1
0.368 2.900E-20 1
0.369 3.300E-20 1
0.370 3.600E-20 1
0.371 4.000E-20 1
0.372 3.300E-20 1
0.373 2.300E-20 1
0.374 1.400E-20 1
0.375 9.900E-21 1
0.376 6.100E-21 1
0.377 4.600E-21 1
0.378 3.000E-21 1
0.379 0.000E+00 1
