0.205 7.00e-20 1
0.210 3.80e-20 1
0.215 5.20e-20 1
0.220 6.90e-20 1
0.225 9.10e-20 1
0.230 1.26e-19 1
0.235 2.02e-19 1
0.240 3.74e-19 1
0.245 6.36e-19 1
0.250 9.21e-19 1
0.255 1.11e-18 1
0.260 1.12e-18 1
0.265 9.66e-19 1
0.270 7.17e-19 1
0.275 4.71e-19 1
0.280 2.80e-19 1
0.285 1.52e-19 1
0.290 7.79e-20 1
0.295 3.92e-20 1
0.300 2.03e-20 1
0.305 1.09e-20 1
0.310 6.19e-21 1
0.315 3.56e-21 1
0.320 2.15e-21 1
0.325 1.24e-21 1
0.330 7.00e-22 1
0.335 3.30e-22 1
0.340 2.30e-22 1
0.345 1.27e-22 1
0.350 6.70e-23 1
0.355 2.60e-23 1
0.360 1.30e-23 1
0.365 4.00e-24 1
0.367 0.00e+00 1
