0.210 3.810e-19 1
0.212 3.310e-19 1
0.214 2.950e-19 1
0.216 2.540e-19 1
0.218 2.170e-19 1
0.220 1.890e-19 1
0.222 1.600e-19 1
0.224 1.390e-19 1
0.226 1.200e-19 1
0.228 1.050e-19 1
0.230 9.100e-20 1
0.232 8.010e-20 1
0.234 7.030e-20 1
0.236 6.310e-20 1
0.238 5.610e-20 1
0.240 5.030e-20 1
0.242 4.830e-20 1
0.244 4.310e-20 1
0.246 3.820e-20 1
0.248 3.410e-20 1
0.250 3.050e-20 1
0.252 2.710e-20 1
0.254 2.420e-20 1
0.256 2.160e-20 1
0.258 1.930e-20 1
0.260 1.710e-20 1
0.262 1.530e-20 1
0.264 1.350e-20 1
0.266 1.210e-20 1
0.268 1.060e-20 1
0.270 9.450e-21 1
0.272 8.350e-21 1
0.274 7.420e-21 1
0.276 6.510e-21 1
0.278 5.740e-21 1
0.280 5.060e-21 1
0.282 4.440e-21 1
0.284 3.860e-21 1
0.286 3.340e-21 1
0.288 2.970e-21 1
0.290 2.560e-21 1
0.292 2.260e-21 1
0.294 1.930e-21 1
0.296 1.700e-21 1
0.298 1.410e-21 1
0.300 1.230e-21 1
0.302 1.070e-21 1
0.304 9.400e-22 1
0.306 7.800e-22 1
0.308 6.900e-22 1
0.310 6.200e-22 1
0.312 4.500e-22 1
0.314 4.400e-22 1
0.316 4.000e-22 1
0.318 3.500e-22 1
0.320 2.500e-22 1
0.322 2.000e-22 1
0.324 2.000e-22 1
0.326 1.700e-22 1
0.328 1.400e-22 1
0.330 9.000e-23 1
0.332 1.100e-22 1
0.334 1.100e-22 1
0.336 9.000e-23 1
0.338 9.000e-23 1
0.340 6.000e-23 1
0.342 3.000e-23 1
0.344 0.000e+00 1
