0.235	2.15E-18 1
0.240	1.76E-18 1
0.245	1.37E-18 1
0.250	1.06E-18 1
0.255	6.50E-19 1
0.260	6.46E-19 1
0.265	6.93E-19 1
0.270	9.03E-19 1
0.275	1.10E-18 1
0.280	1.32E-18 1
0.285	1.44E-18 1
0.290	1.44E-18 1
0.295	1.42E-18 1
0.300	1.29E-18 1
0.305	1.14E-18 1
0.310	1.05E-18 1
0.315	9.81E-19 1
0.320	8.03E-19 1
0.325	7.54E-19 1
0.330	5.87E-19 1
0.335	5.77E-19 1
0.340	4.37E-19 1
0.345	3.57E-19 1
0.350	2.69E-19 1
0.355	2.29E-19 1
0.360	1.61E-19 1
0.365	1.13E-19 1
0.370	9.00E-20 1
0.375	6.90E-20 1
0.380	4.10E-20 1
0.385	3.30E-20 1
0.390	2.20E-20 1
0.395	1.50E-20 1
0.400	6.00E-21 1
0.405	0.00E+00 1
