288.0 0
288.8 0.0000E+00
288.86 8.1940E-05
288.94 1.5610E-04
288.97 3.2440E-04
289.02 4.6170E-04
289.06 6.2830E-04
289.11 8.0860E-04
289.16 9.1310E-04
289.23 9.9280E-04
289.36 1.0180E-03
289.46 1.0050E-03
289.56 9.4250E-04
289.6 7.8080E-04
289.62 5.7330E-04
289.68 3.9790E-04
289.73 1.9350E-04
289.75 4.2990E-05
289.85 3.9890E-05
290.05 0.0000E+00
291.0 2.256E-05
291.5 6.356E-05
292.0 8.912E-05
292.5 1.650E-04
293.0 1.483E-04
293.5 7.404E-05
294.0 7.357E-05
294.12 9.119E-05
294.3 6.802E-05
294.48 1.219E-04
294.7 1.328E-04
294.91 9.659E-05
295.04 1.428E-04
295.2 1.338E-04
295.3 1.818E-04
295.46 1.468E-04
295.64 1.508E-04
295.81 1.808E-04
295.96 2.657E-04
296.02 3.616E-04
296.09 5.084E-04
296.16 6.133E-04
296.18 9.439E-04
296.22 1.568E-03
296.25 2.377E-03
296.35 3.106E-03
296.35 3.756E-03
296.42 4.305E-03
296.47 4.864E-03
296.5 5.304E-03
296.57 5.683E-03
296.57 6.113E-03
296.6 6.313E-03
296.62 6.542E-03
296.66 6.722E-03
296.68 6.782E-03
296.69 6.822E-03
296.72 6.742E-03
296.75 6.742E-03
296.77 6.792E-03
296.78 6.842E-03
296.86 6.852E-03
296.87 6.792E-03
296.93 6.622E-03
296.94 5.973E-03
296.95 5.284E-03
296.96 4.365E-03
296.97 2.477E-03
297.02 2.707E-04
297.09 2.467E-04
297.2 1.998E-04
297.37 1.618E-04
297.41 2.277E-04
297.51 2.657E-04
297.63 2.547E-04
297.7 2.128E-04
297.83 2.058E-04
297.93 2.367E-04
298.09 2.747E-04
298.25 3.146E-04
298.42 3.306E-04
298.49 3.306E-04
298.57 3.236E-04
298.64 2.867E-04
298.71 3.106E-04
298.73 3.826E-04
298.76 4.535E-04
298.84 4.794E-04
298.85 4.025E-04
298.89 3.396E-04
298.97 3.905E-04
299.03 4.495E-04
299.17 4.365E-04
299.29 4.425E-04
299.46 4.625E-04
299.65 4.894E-04
299.81 5.164E-04
300.04 5.394E-04
300.17 5.963E-04
300.21 5.514E-04
300.43 5.883E-04
300.59 6.153E-04
300.77 6.662E-04
300.86 7.721E-04
300.9 8.630E-04
300.99 8.031E-04
301.1 8.850E-04
301.2 9.389E-04
301.27 1.029E-03
301.33 1.179E-03
301.41 1.398E-03
301.46 1.838E-03
301.48 2.227E-03
301.51 2.657E-03
301.52 3.076E-03
301.57 3.756E-03
301.6 4.295E-03
301.63 4.774E-03
301.66 5.224E-03
301.68 5.554E-03
301.7 5.913E-03
301.72 6.233E-03
301.75 6.592E-03
301.76 6.972E-03
301.8 7.252E-03
301.84 8.061E-03
301.84 7.721E-03
301.86 7.531E-03
301.87 7.901E-03
301.89 8.171E-03
301.92 8.310E-03
301.94 8.680E-03
301.95 8.450E-03
301.96 8.570E-03
301.98 8.910E-03
301.98 8.810E-03
302.02 8.960E-03
302.04 9.040E-03
302.05 9.129E-03
302.08 9.219E-03
302.14 9.279E-03
302.16 9.219E-03
302.18 9.119E-03
302.2 9.020E-03
302.2 8.470E-03
302.28 4.435E-03
302.28 2.937E-03
302.32 2.427E-03
302.34 2.237E-03
302.35 1.878E-03
302.36 2.078E-03
302.42 1.768E-03
302.81 1.109E-03
303.25 1.269E-03
303.79 1.418E-03
304.37 1.628E-03
304.95 2.148E-03
305.55 2.547E-03
306.16 3.146E-03
306.75 3.616E-03
307.4 4.515E-03
308.0 5.274E-03
308.56 6.093E-03
309.12 6.652E-03
309.8 7.811E-03
310.34 8.630E-03
310.76 9.559E-03
311.09 1.009E-02
311.4 1.059E-02
311.63 1.149E-02
311.86 1.269E-02
311.96 1.448E-02
312.06 1.768E-02
312.12 2.207E-02
312.13 2.927E-02
312.19 3.646E-02
312.22 4.874E-02
312.24 6.532E-02
312.24 5.793E-02
312.26 7.222E-02
312.34 8.630E-02
312.35 8.530E-02
312.35 7.971E-02
312.36 8.680E-02
312.41 8.740E-02
312.44 8.780E-02
312.51 8.790E-02
312.54 8.780E-02
312.57 8.820E-02
312.6 8.850E-02
312.61 8.900E-02
312.72 8.890E-02
312.74 8.810E-02
312.76 8.750E-02
312.79 8.650E-02
312.8 8.540E-02
312.84 8.700E-02
312.84 8.900E-02
312.86 9.050E-02
312.91 1.039E-01
312.91 9.988E-02
312.91 9.329E-02
312.91 9.599E-02
312.96 1.159E-01
313.0 1.119E-01
313.0 1.209E-01
313.04 1.229E-01
313.05 1.239E-01
313.12 1.239E-01
313.22 1.239E-01
313.24 1.229E-01
313.29 1.219E-01
313.32 1.199E-01
313.38 1.149E-01
313.38 1.059E-01
313.44 9.579E-02
313.45 8.480E-02
313.48 7.361E-02
313.51 6.453E-02
313.53 5.214E-02
313.59 4.335E-02
313.59 3.226E-02
313.65 2.467E-02
313.65 1.868E-02
313.66 2.048E-02
314.7 1.588E-02
315.3 1.618E-02
316.6 2.028E-02
317.5 2.727E-02
318.2 3.096E-02
318.9 3.826E-02
320.0 4.285E-02
321.4 5.623E-02
322.7 6.822E-02
323.7 8.200E-02
324.7 9.109E-02
325.8 1.049E-01
326.7 1.189E-01
327.4 1.298E-01
328.1 1.388E-01
328.3 1.438E-01
328.7 1.498E-01
329.3 1.598E-01
330.1 1.698E-01
331.0 1.838E-01
331.7 2.008E-01
332.6 2.148E-01
333.3 2.287E-01
333.7 2.407E-01
333.9 2.517E-01
334.0 2.607E-01
334.2 2.707E-01
334.4 2.717E-01
334.6 2.667E-01
334.7 2.647E-01
334.9 2.647E-01
335.2 2.717E-01
335.9 2.837E-01
336.8 3.046E-01
337.6 3.256E-01
338.5 3.436E-01
339.4 3.656E-01
340.6 3.945E-01
341.5 4.135E-01
342.5 4.305E-01
343.5 4.495E-01
344.3 4.595E-01
345.3 4.735E-01
346.3 4.844E-01
347.4 4.934E-01
347.9 4.964E-01
348.2 4.984E-01
348.4 5.014E-01
348.8 5.044E-01
349.6 5.084E-01
350.2 5.104E-01
350.5 5.104E-01
351.0 5.114E-01
351.9 5.164E-01
352.8 5.194E-01
353.3 5.214E-01
354.2 5.224E-01
355.6 5.204E-01
357.0 5.094E-01
358.1 5.004E-01
359.3 4.814E-01
360.5 4.655E-01
361.7 4.435E-01
362.6 4.295E-01
363.2 4.205E-01
363.7 4.115E-01
363.9 4.065E-01
364.1 4.065E-01
364.2 4.105E-01
364.3 4.155E-01
364.3 4.245E-01
364.4 4.405E-01
364.4 4.585E-01
364.4 4.904E-01
364.4 5.623E-01
364.5 6.223E-01
364.6 6.652E-01
364.6 6.782E-01
364.7 6.812E-01
364.9 6.822E-01
365.0 6.562E-01
365.0 6.183E-01
365.0 5.454E-01
365.1 4.894E-01
365.1 4.615E-01
365.3 4.495E-01
365.4 4.405E-01
365.4 4.245E-01
365.5 4.105E-01
365.5 3.985E-01
365.6 3.876E-01
365.7 3.915E-01
365.8 4.005E-01
365.8 4.105E-01
365.9 4.175E-01
366.1 4.175E-01
366.2 4.125E-01
366.3 4.015E-01
366.4 3.866E-01
366.5 3.676E-01
366.7 3.606E-01
366.9 3.526E-01
367.4 3.466E-01
367.8 3.406E-01
368.2 3.366E-01
368.3 3.306E-01
369.1 3.206E-01
369.9 3.076E-01
371.6 2.827E-01
372.9 2.657E-01
374.0 2.447E-01
375.4 2.257E-01
376.6 2.078E-01
378.2 1.828E-01
379.4 1.638E-01
380.4 1.518E-01
381.7 1.358E-01
383.1 1.239E-01
384.8 1.089E-01
386.3 9.589E-02
387.2 9.079E-02
387.8 8.870E-02
388.2 8.320E-02
388.4 8.011E-02
389.5 7.401E-02
390.7 6.982E-02
392.0 6.103E-02
394.0 5.034E-02
395.9 4.335E-02
397.8 3.626E-02
399.5 3.186E-02
401.1 2.737E-02
402.2 2.587E-02
403.0 2.427E-02
403.4 2.567E-02
403.6 3.396E-02
403.7 4.465E-02
403.8 6.532E-02
403.8 1.289E-01
403.9 2.407E-01
404.0 4.455E-01
404.1 6.632E-01
404.1 7.871E-01
404.1 8.220E-01
404.2 8.340E-01
404.4 8.350E-01
404.4 8.230E-01
404.4 8.061E-01
404.5 7.671E-01
404.5 6.762E-01
404.6 4.475E-01
404.6 2.148E-01
404.6 4.774E-02
404.7 2.227E-02
405.0 2.048E-02
405.4 1.818E-02
406.0 1.408E-02
406.6 1.368E-02
407.1 1.758E-02
407.1 2.038E-02
407.2 3.606E-02
407.3 4.655E-02
407.3 5.604E-02
407.5 6.043E-02
407.6 5.953E-02
407.7 5.524E-02
407.8 4.385E-02
407.8 2.627E-02
407.9 8.111E-03
408.2 1.009E-02
409.4 8.700E-03
410.3 9.249E-03
413.7 5.504E-03
415.4 6.083E-03
418.9 2.088E-03
422.2 0.000E+00
434.5 0.000E+00
434.6 1.069E-02
434.8 1.199E-02
435.0 2.277E-02
435.1 3.556E-02
435.2 6.602E-02
435.3 1.269E-01
435.4 1.928E-01
435.4 3.007E-01
435.5 5.074E-01
435.5 9.309E-01
435.5 2.098E+00
435.6 2.597E+00
435.6 2.707E+00
435.6 2.757E+00
435.7 2.787E+00
435.8 2.797E+00
435.9 2.797E+00
436.0 2.777E+00
436.0 2.707E+00
436.0 2.197E+00
436.1 1.568E+00
436.2 9.389E-01
436.2 3.036E-01
436.3 7.911E-02
436.3 1.928E-02
436.5 5.803E-03
437.0 9.0E-4
485.5 9.229E-04
486.0 9.432E-04
486.5 9.557E-04
487.0 9.420E-04
487.5 9.298E-04
488.0 9.358E-04
488.5 9.593E-04
489.0 9.804E-04
489.5 9.682E-04
490.0 9.766E-04
490.5 9.589E-04
491.0 1.370E-03
491.5 3.414E-03
492.0 7.013E-03
492.5 4.978E-03
493.0 1.188E-03
493.5 9.174E-04
494.0 8.987E-04
494.5 9.004E-04
495.0 8.977E-04
495.5 8.715E-04
496.0 8.759E-04
496.5 8.693E-04
497.0 8.741E-04
497.5 8.979E-04
498.0 8.624E-04
498.5 9.175E-04
499.0 8.895E-04
499.5 8.726E-04
500.0 8.877E-04
500.5 8.485E-04
501.0 8.776E-04
501.5 8.613E-04
502.0 8.582E-04
502.5 8.443E-04
503.0 9.206E-04
503.5 9.032E-04
504.0 8.280E-04
504.5 8.437E-04
505.0 8.240E-04
505.5 8.293E-04
506.0 8.534E-04
506.5 8.128E-04
507.0 8.193E-04
507.5 8.273E-04
508.0 8.261E-04
508.5 7.866E-04
509.0 7.869E-04
509.5 8.225E-04
510.0 8.160E-04
510.5 7.690E-04
511.0 8.038E-04
511.5 7.766E-04
512.0 8.448E-04
512.5 8.033E-04
513.0 8.155E-04
513.5 7.800E-04
514.0 7.947E-04
514.5 8.101E-04
515.0 7.668E-04
515.5 7.593E-04
516.0 7.527E-04
516.5 7.608E-04
517.0 7.706E-04
517.5 7.409E-04
518.0 7.992E-04
518.5 7.588E-04
519.0 7.591E-04
519.5 7.941E-04
520.0 7.469E-04
520.5 7.493E-04
521.0 7.521E-04
521.5 7.789E-04
522.0 7.382E-04
522.5 7.290E-04
523.0 7.903E-04
523.5 7.275E-04
524.0 7.585E-04
524.5 7.309E-04
525.0 7.566E-04
525.5 7.298E-04
526.0 7.435E-04
526.5 7.182E-04
527.0 7.152E-04
527.5 6.941E-04
528.0 7.224E-04
528.5 7.033E-04
529.0 7.641E-04
529.5 7.017E-04
530.0 6.961E-04
530.5 6.816E-04
531.0 7.290E-04
531.5 7.137E-04
532.0 7.785E-04
532.5 7.467E-04
533.0 7.026E-04
533.5 7.011E-04
534.0 7.302E-04
534.5 6.600E-04
535.0 7.413E-04
535.5 7.790E-04
536.0 9.104E-04
536.5 7.400E-04
537.0 6.737E-04
537.5 7.008E-04
538.0 6.716E-04
538.5 6.970E-04
539.0 7.045E-04
539.5 7.026E-04
540.0 6.933E-04
540.5 6.970E-04
541.0 6.770E-04
541.5 6.385E-04
542.0 7.596E-04
542.5 7.663E-04
543.0 8.481E-04
543.5 1.063E-03
544.0 1.308E-03
544.5 1.842E-03
545.0 3.701E-03
545.5 8.321E-02
546.0 4.860E-01
546.5 9.569E-01
547.0 4.756E-01
547.5 3.411E-02
548.0 2.050E-03
548.5 1.009E-03
549.0 8.196E-04
549.5 7.265E-04
550.0 6.944E-04
550.5 7.108E-04
551.0 6.856E-04
551.5 6.744E-04
552.0 6.750E-04
552.5 7.046E-04
553.0 6.538E-04
553.5 6.606E-04
554.0 6.999E-04
554.5 7.177E-04
555.0 6.672E-04
555.5 6.788E-04
556.0 6.349E-04
556.5 6.885E-04
557.0 6.692E-04
557.5 6.065E-04
558.0 6.965E-04
558.5 6.901E-04
559.0 6.272E-04
559.5 6.380E-04
560.0 6.537E-04
560.5 6.418E-04
561.0 6.490E-04
561.5 6.732E-04
562.0 6.257E-04
562.5 6.602E-04
563.0 5.999E-04
563.5 6.475E-04
564.0 6.471E-04
564.5 6.558E-04
565.0 6.272E-04
565.5 6.480E-04
566.0 6.049E-04
566.5 6.248E-04
567.0 6.915E-04
567.5 8.138E-04
568.0 9.589E-04
568.5 7.819E-04
569.0 6.597E-04
569.5 6.200E-04
570.0 6.391E-04
570.5 6.107E-04
571.0 6.497E-04
571.5 5.981E-04
572.0 6.754E-04
572.5 5.964E-04
573.0 6.306E-04
573.5 6.489E-04
574.0 6.495E-04
574.5 6.970E-04
575.0 6.986E-04
575.5 7.933E-04
576.0 1.071E-03
576.5 1.273E-02
577.0 7.771E-02
577.5 1.447E-01
578.0 6.205E-02
578.5 1.166E-02
579.0 5.319E-02
579.5 1.273E-01
580.0 7.097E-02
580.5 7.403E-03
581.0 9.287E-04
581.5 7.328E-04
582.0 6.516E-04
582.5 6.693E-04
583.0 6.111E-04
583.5 6.473E-04
584.0 6.668E-04
584.5 6.252E-04
585.0 6.438E-04
585.5 6.295E-04
586.0 7.231E-04
586.5 7.302E-04
587.0 7.080E-04
587.5 6.769E-04
588.0 6.583E-04
588.5 6.407E-04
589.0 6.281E-04
589.5 5.739E-04
590.0 5.940E-04
590.5 5.589E-04
591.0 5.768E-04
591.5 6.054E-04
592.0 5.556E-04
592.5 5.999E-04
593.0 5.867E-04
593.5 5.721E-04
594.0 5.443E-04
594.5 5.821E-04
595.0 6.071E-04
595.5 5.433E-04
596.0 5.873E-04
596.5 6.224E-04
597.0 5.148E-04
597.5 5.978E-04
598.0 5.793E-04
598.5 5.080E-04
599.0 5.536E-04
599.5 5.546E-04
600.0 5.593E-04
600.5 5.617E-04
601.0 5.693E-04
601.5 5.368E-04
602.0 4.943E-04
602.5 5.822E-04
603.0 5.463E-04
603.5 5.358E-04
604.0 5.280E-04
604.5 5.414E-04
605.0 5.347E-04
605.5 5.207E-04
606.0 5.187E-04
606.5 5.023E-04
607.0 5.996E-04
607.5 9.672E-04
608.0 7.445E-04
608.5 5.218E-04
609.0 4.835E-04
609.5 4.689E-04
610.0 4.750E-04
610.5 5.027E-04
611.0 5.002E-04
611.5 4.696E-04
612.0 5.880E-04
612.5 1.190E-03
613.0 1.375E-03
613.5 5.943E-04
614.0 4.953E-04
614.5 4.689E-04
615.0 4.681E-04
615.5 4.774E-04
616.0 4.755E-04
616.5 4.583E-04
617.0 4.536E-04
617.5 4.479E-04
618.0 4.807E-04
618.5 4.787E-04
619.0 3.985E-04
619.5 4.228E-04
620.0 5.061E-04
620.5 4.275E-04
621.0 4.946E-04
621.5 4.297E-04
622.0 4.954E-04
622.5 3.992E-04
623.0 4.753E-04
623.5 9.788E-04
624.0 1.271E-03
624.5 5.594E-04
625.0 4.596E-04
625.5 4.078E-04
626.0 4.537E-04
626.5 4.672E-04
627.0 4.749E-04
627.5 4.461E-04
628.0 4.038E-04
628.5 4.281E-04
629.0 4.111E-04
629.5 4.215E-04
630.0 4.463E-04
630.5 4.153E-04
631.0 4.110E-04
631.5 4.595E-04
632.0 4.331E-04
632.5 4.667E-04
633.0 3.984E-04
633.5 4.189E-04
634.0 4.582E-04
634.5 4.110E-04
635.0 4.023E-04
635.5 3.887E-04
636.0 4.015E-04
636.5 4.203E-04
637.0 3.166E-04
637.5 3.900E-04
638.0 3.828E-04
638.5 4.196E-04
639.0 3.514E-04
639.5 4.097E-04
640.0 3.895E-04
640.5 3.717E-04
641.0 3.804E-04
641.5 3.748E-04
642.0 4.492E-04
642.5 4.220E-04
643.0 3.795E-04
643.5 3.519E-04
644.0 4.151E-04
644.5 3.101E-04
645.0 3.984E-04
645.5 3.522E-04
646.0 3.350E-04
646.5 3.929E-04
647.0 3.606E-04
647.5 3.526E-04
648.0 3.156E-04
648.5 3.653E-04
649.0 3.574E-04
649.5 3.446E-04
650.0 3.790E-04
650.5 4.098E-04
651.0 4.277E-04
651.5 4.490E-04
652.0 4.256E-04
652.5 3.968E-04
653.0 4.366E-04
653.5 3.908E-04
654.0 3.961E-04
654.5 3.986E-04
655.0 4.360E-04
655.5 4.101E-04
656.0 3.708E-04
656.5 4.493E-04
657.0 4.463E-04
657.5 4.697E-04
658.0 4.665E-04
658.5 5.091E-04
659.0 4.863E-04
659.5 4.359E-04
660.0 4.717E-04
660.5 4.315E-04
661.0 4.500E-04
661.5 4.497E-04
662.0 3.814E-04
662.5 3.522E-04
663.0 3.929E-04
663.5 4.131E-04
664.0 3.913E-04
664.5 3.506E-04
665.0 3.984E-04
665.5 3.661E-04
666.0 3.799E-04
666.5 3.748E-04
667.0 3.010E-04
667.5 3.041E-04
668.0 3.558E-04
668.5 4.026E-04
669.0 2.841E-04
669.5 3.177E-04
670.0 2.630E-04
670.5 3.009E-04
671.0 3.087E-04
671.5 5.721E-04
672.0 1.679E-03
672.5 8.811E-04
673.0 2.813E-04
673.5 3.362E-04
674.0 2.709E-04
674.5 2.560E-04
675.0 2.498E-04
675.5 3.008E-04
676.0 3.161E-04
676.5 1.851E-04
677.0 3.073E-04
677.5 2.650E-04
678.0 2.126E-04
678.5 1.988E-04
679.0 2.625E-04
679.5 3.221E-04
680.0 2.425E-04
680.5 2.894E-04
681.0 2.554E-04
681.5 2.282E-04
682.0 2.388E-04
682.5 2.111E-04
683.0 2.878E-04
683.5 2.558E-04
684.0 2.305E-04
684.5 1.900E-04
685.0 2.310E-04
685.5 2.132E-04
686.0 2.070E-04
686.5 2.317E-04
687.0 2.698E-04
687.5 1.741E-04
688.0 2.621E-04
688.5 2.177E-04
689.0 2.658E-04
689.5 2.814E-04
690.0 2.811E-04
690.5 1.569E-03
691.0 1.193E-02
691.5 9.494E-03
692.0 1.028E-03
692.5 2.925E-04
693.0 2.697E-04
693.5 2.296E-04
694.0 2.829E-04
694.5 1.578E-04
695.0 1.876E-04
695.5 1.668E-04
696.0 2.155E-04
696.5 4.140E-04
697.0 6.564E-04
697.5 3.791E-04
698.0 1.546E-04
698.5 1.429E-04
699.0 1.192E-04
699.5 1.923E-04
700.0 2.547E-04
700.5 2.547E-04
701.0 1.139E-04
701.5 1.637E-04
702.0 1.947E-04
702.5 1.533E-04
703.0 1.711E-04
703.5 1.713E-04
704.0 2.204E-04
704.5 1.854E-04
705.0 1.869E-04
705.5 1.520E-04
706.0 7.815E-05
706.5 2.011E-04
707.0 5.861E-04
707.5 3.546E-04
708.0 6.887E-04
708.5 2.906E-03
709.0 1.426E-03
709.5 1.377E-03
710.0 6.709E-04
710.5 3.114E-04
711.0 2.490E-04
711.5 2.374E-04
712.0 1.807E-04
712.5 1.048E-04
713.0 1.471E-04
713.5 1.836E-04
714.0 1.387E-04
714.5 1.749E-04
715.0 1.855E-04
715.5 1.398E-04
716.0 1.977E-04
716.5 1.529E-04
717.0 1.661E-04
717.5 1.540E-04
718.0 2.190E-04
718.5 1.290E-04
719.0 1.255E-04
719.5 2.123E-04
720.0 1.190E-04
722.0 0.00030
724.0 0.00031
726.0 0.00055
728.0 0.00058
730.0 0.00036
732.0 0.00028
734.0 0.00030
736.0 0.00119
738.0 0.00272
740.0 0.00212
742.0 0.00054
744.0 0.00033
746.0 0.00033
748.0 0.00116
750.0 0.00413
752.0 0.00406
754.0 0.00144
756.0 0.00036
758.0 0.00031
760.0 0.00080
762.0 0.00708
764.0 0.01002
766.0 0.00379
768.0 0.00050
770.0 0.00192
772.0 0.00425
774.0 0.00333
776.0 0.00066
778.0 0.00030
780.0 0.00032
782.0 0.00031
784.0 0.00027
786.0 0.00032
788.0 0.00034
790.0 0.00031
792.0 0.00124
794.0 0.00401
796.0 0.00378
798.0 0.00192
800.0 0.00562
802.0 0.00761
804.0 0.00304
806.0 0.00063
808.0 0.00277
810.0 0.01868
812.0 0.02507
814.0 0.00975
816.0 0.00103
818.0 0.00041
820.0 0.00041
822.0 0.00030
824.0 0.00135
826.0 0.00286
828.0 0.00232
830.0 0.00049
832.0 0.00043
834.0 0.00040
836.0 0.00034
838.0 0.00184
840.0 0.01003
842.0 0.01502
844.0 0.00824
846.0 0.00131
848.0 0.00040
850.0 0.00169
